235588481
231839139
222850106
238997621
225489219
234743437
238052025
247280473
244906676
247947675
233041394
205778776
220526931
217739898
221479537
226220201
233196803
243391881
236831275
224430560
241912712
216062107
209687200
226027343
217895262
241879927
231820532
228826214
204537610
215111375
227844768
246310015
220733543
244871200
217263783
233150717
242197041
231949112
228554497
223661585
254457580
234214536
244412535
228660697
258435367
229308767
232680178
229590612
222935442
215028251
228268197
240977803
225891146
222633511
238608318
226101043
226997118
200125767
226173359
237096984
225986560
219054141
228244770
240612937
225114739
226060252
234876167
212122166
244814158
219022541
235031917
233044858
219190362
239817402
215315301
227174887
218458574
243879219
219127409
223204264
259096341
246458895
235090859
233315284
225053641
226277951
236798267
230650693
218591551
221013646
240461085
229657080
220574062
241907081
210019064
243744416
214583299
224481129
231869634
235382667
216705055
217644852
223688974
228562535
232972930
236950758
256965847
225396791
241499083
209275526
234755138
228248672
224398423
229373720
212280793
213944748
245247724
238367620
246362793
224400840
228676717
243213801
239809838
233699616
233188514
233251381
239791948
221501673
219927963
199896984
229709786
237350989
233188379
222371072
229328364
215464255
213041515
230410646
217347187
225436803
226972300
218737040
251425636
221864066
241826336
227029308
228502434
237669783
231875919
247240346
238319751
227965512
234994833
245609728
250001350
238712642
222616501
238897157
233233995
243128200
220358507
218143671
231873366
224780290
209311394
247213182
232468030
223271952
246502847
219901776
236513103
232898371
222250232
208474018
230015295
222200939
227172904
228753635
230266386
230629395
216807997
217010127
235114021
233479199
238218919
245792590
237310814
216853708
206757411
223200143
230209043
222461630
232898935
204314543
242719608
235964796
213960759
230731026
240248403
210182084
219737123
223591600
243477396
230707467
238526945
250986985
229467508
237580438
234215705
225764071
229504643
234392765
223394272
241350372
229592718
232132153
239638811
232180187
241185952
228319893
220875295
255592362
216438024
216964461
240738514
226454706
225737775
219372659
237890890
215070904
247790249
231838061
235919732
229700365
238854403
243060391
232236729
229335358
243348322
245087314
238293632
229574981
254085719
214094047
237781935
222608812
223885972
228277659
228577166
222444861
226285074
237293671
228655385
229040893
226289536
233177591
216422309
235982249
234227519
199163151
241110698
231995537
243923203
246104610
222838796
230406762
216001768
252249761
254365195
215515256
225115613
228135909
223577935
236294377
225919895
213904496
222020985
244213559
233455924
232102573
207164853
225734260
228083514
238782844
233704784
246335273
229130959
239256816
238149401
222585051
237847307
241144340
234393143
234066966
232131567
223335244
236870257
253049570
239097555
235707706
224346989
224688923
228237263
240895696
256828685
202725285
231027046
241658855
211657832
232015222
234323209
221099811
237726531
246244581
237892363
224823738
238577603
237015477
238353858
250091405
235220612
249738743
237922735
238665163
228542015
225172290
230908160
228642139
224189361
229861605
210207702
241168860
224077001
224804547
222292042
240837664
235968673
213233965
243020995
245463811
203858791
210903011
219792658
248688455
225322131
222631807
220800570
223344318
231632052
235625356
215539174
236694058
244132209
220102527
245283869
259589348
217507309
217730250
224724786
204283184
216947251
241577767
239212035
207123690
246078615
234204114
253998323
230657644
241617641
221812515
242491878
208316143
235227612
233253589
230587097
222497291
229971349
228708198
224864396
225663771
238860584
218679564
244343464
228439083
248216546
223336459
240577740
227442879
218300749
249741127
247573230
233247456
233926955
230598972
241275887
235003115
216319970
227199768
234767328
234643713
230307898
242106295
231275894
249673760
221208312
240253253
235903187
237570446
263211405
207015975
218988374
217834726
218817646
243164795
224920045
233858013
208294971
233748421
225658146
235582333
237558725
246921845
245221762
217459609
224782496
228805900
227468992
244489595
217124063
239473420
243840115
230219828
223618138
222286478
260031967
222836941
227892904
250067661
232185677
229597833
245821038
255824474
228393974
226734562
224121244
234855725
236331883
230764464
210709306
231783683
244284280
224896300
226278442
212887087
244197995
238152515
238680500
223728569
231091980
224492047
254120187
232175458
229935229
221136259
246346407
213475329
225985805
212939879
211924703
243889390
233938536
216272089
249780274
219913517
222730109
260406678
228583616
214519772
241481213
244233411
229275751
225162191
233499761
225311768
242627430
231473953
221521726
226824486
233174452
226054633
231680405
223894376
207865927
223999126
244847689
233828056
242611489
229074356
213938116
233201666
223190545
236962395
228689002
211253743
249932630
237391263
248439927
233617831
222410928
241249680
242618128
243308541
250267280
227230591
223842440
230812240
233213139
223394236
215318885
225289435
226320358
204396571
252312342
235720259
228295998
234869012
215990955
227105337
236584294
225954449
219344305
216790108
226456945
226493234
225797559
247160907
256839622
243455473
235017215
220683454
222638112
245428266
243135417
220680237
223751319
221422448
231101215
237341957
251575270
224610434
203404107
227564604
235489831
241756370
222783643
240390487
243345221
246155464
226927753
220521028
251610477
224082294
226590417
240069274
222472678
218481960
213349192
228470068
217999170
230613032
244611083
209349055
225434174
221534571
236477395
246153785
245353935
217010559
256878721
250714835
220305765
252040475
242988679
225155119
234076172
235786659
249573325
235575864
193420591
219487538
246752846
239408219
236612751
206323033
236027903
218631876
235436457
227068623
235342647
241169922
239852611
210135540
230895130
213342304
232133443
234452193
210803212
222458425
228682204
218330076
229775479
250207807
229674681
248089795
213066992
226210494
236247146
220305546
206141149
234739179
234251468
208217705
228289580
236162424
231087209
240552589
233141844
235343667
223754624
222927819
229285687
222396455
238494541
239072290
238327961
223585830
238070460
228114019
221177896
229366013
223683941
235118921
250515981
224800508
226157759
237072642
229556654
241861771
235556652
226713036
210780539
229542766
234051855
242627919
238562616
230789601
223255828
220086236
246403794
239346680
231633604
248474012
233435414
219492675
224472154
217928552
231578514
214389776
223717068
222334879
241419167
253195747
228575755
220818853
228222213
221714009
230491680
222834553
210249083
230153393
223668908
208434784
235263160
256563723
202518304
233592117
237017277
232014682
237241667
260693731
246983133
229398883
224637090
230765079
222342396
232371757
226829156
235173362
234287845
200909882
239063299
218337954
236549396
236664784
206112931
245902635
237723535
234333150
230598965
220011525
218380497
219806213
213371732
229041363
235496919
229140850
226298580
232946819
250639494
229397854
229476034
244952767
205538725
220166296
213850290
235249266
241191088
233051344
242585861
244823274
249493032
244790783
229166916
217752322
240248653
225467659
234077556
232748002
241132793
237467112
244129636
242023670
236039118
218741199
220990402
219769488
212512793
238021315
234464706
225801884
236908443
229638646
237490083
252681239
248558459
248545266
240041382
235806820
232051421
225210696
204721716
231667873
219567452
236285487
208740797
233144619
235411361
228312330
235410403
235120752
211785227
234837292
236659195
220170918
220380920
237035824
254488403
227494260
232947250
250383719
220741239
223507587
216830040
221523205
211930240
232668480
218465279
233139703
235181414
241393912
232602533
234784821
229682254
224587952
240045081
247060517
241977545
239706668
253414691
230475084
218257266
224602205
243958322
243764428
234663120
221169403
214850670
235626749
228285165
226856491
219388263
235436561
226382036
228646400
227477471
231469026
241421555
236478198
231327693
202075063
227762949
230311342
229512766
245176202
222294709
240075937
261535448
222740350
221889151
249386428
212837488
210611911
212870578
233292017
213884286
209787004
246149991
226927745
248129611
223898513
235409542
236895999
226998496
237765130
228045331
223362468
236798408
206920149
209955809
222105631
227057672
247441074
251310250
218798699
242263422
209686929
252096117
239148560
190127420
210211492
219817733
250864002
237816635
218041722
220301115
221745390
238271379
229713611
242031154
239770035
221570920
229325430
245228272
240904034
247527308
227724521
238614409
232430377
242557053
243863975
198284496
240653318
240027498
211995426
234110059
233998997
210269804
229113083
234902664
236806096
250869378
254053449
217289437
218054277
238375416
240441973
227900036
227060353
239144847
240326851
242330835
235748937
231954769
222843472
267314304
217242180
230299451
230226906
229342194
233544234
236411697
223593367
237440793
228168301
243209356
237033459
217789524
214007111
209528403
240037086
238587873
232596549
242973565
236662438
221143803
239274458
214783740
235836545
242577765
230413181
231829633
208399993
236235207
227194252
227073834
219952590
220598674
252329616
211780222
232766147
218756591
240357838
231592380
236723807
246291474
230492388
228324136
225744109
244197444
222782130
238203975
233469957
215470508
211126522
229273614
227939337
236657880
228889231
236552551
237934067
237495501
227605595
231380832
233513139
222761434
200681044
228020445
227487663
237627083
212043630
240644538
243630198
231269917
236540261
218595901
230422356
247190844
232748403
222533082
211782331
230299474
224833896
241651458
228896824
242678048
238106487
221146579
223168588
241546118
220159988
232585014
228150601
238174951
228600283
224663295
222142771
228456694
229592055
248391607
206289866
