235588481
231839139
222850106
238997621
225489219
234743437
238052025
247280473
244906676
247947675
233041394
205778776
220526931
217739898
221479537
226220201
233196803
243391881
236831275
224430560
241912712
216062107
209687200
226027343
217895262
241879927
231820532
228826214
204537610
215111375
227844768
246310015
220733543
244871200
217263783
233150717
242197041
231949112
228554497
223661585
254457580
234214536
244412535
228660697
258435367
229308767
232680178
229590612
222935442
215028251
228268197
240977803
225891146
222633511
238608318
226101043
226997118
200125767
226173359
237096984
225986560
219054141
228244770
240612937
225114739
226060252
234876167
212122166
244814158
219022541
235031917
233044858
219190362
239817402
215315301
227174887
218458574
243879219
219127409
223204264
259096341
246458895
235090859
233315284
225053641
226277951
236798267
230650693
218591551
221013646
240461085
229657080
220574062
241907081
210019064
243744416
214583299
224481129
231869634
235382667
216705055
217644852
223688974
228562535
232972930
236950758
256965847
225396791
241499083
209275526
234755138
228248672
224398423
229373720
212280793
213944748
245247724
238367620
246362793
224400840
228676717
243213801
239809838
233699616
233188514
233251381
239791948
221501673
219927963
199896984
229709786
237350989
233188379
222371072
229328364
215464255
213041515
230410646
217347187
225436803
226972300
218737040
251425636
221864066
241826336
227029308
228502434
237669783
231875919
247240346
238319751
227965512
234994833
245609728
250001350
238712642
222616501
238897157
233233995
243128200
220358507
218143671
231873366
224780290
209311394
247213182
232468030
223271952
246502847
219901776
236513103
232898371
222250232
208474018
230015295
222200939
227172904
228753635
230266386
230629395
216807997
217010127
235114021
233479199
238218919
245792590
237310814
216853708
206757411
223200143
230209043
222461630
232898935
204314543
242719608
235964796
213960759
230731026
240248403
210182084
219737123
223591600
243477396
230707467
238526945
250986985
229467508
237580438
234215705
225764071
229504643
234392765
223394272
241350372
229592718
232132153
239638811
232180187
241185952
228319893
220875295
255592362
216438024
216964461
240738514
226454706
225737775
219372659
237890890
215070904
247790249
231838061
235919732
229700365
238854403
243060391
232236729
229335358
243348322
245087314
238293632
229574981
254085719
214094047
237781935
222608812
223885972
228277659
228577166
222444861
226285074
237293671
228655385
229040893
226289536
233177591
216422309
235982249
234227519
199163151
241110698
231995537
243923203
246104610
222838796
230406762
216001768
252249761
254365195
215515256
225115613
228135909
223577935
236294377
225919895
213904496
222020985
244213559
233455924
232102573
207164853
225734260
228083514
238782844
233704784
246335273
229130959
239256816
238149401
222585051
237847307
241144340
234393143
234066966
232131567
223335244
236870257
253049570
239097555
235707706
224346989
224688923
228237263
240895696
256828685
202725285
231027046
241658855
211657832
232015222
234323209
221099811
237726531
246244581
237892363
224823738
238577603
237015477
238353858
250091405
235220612
249738743
237922735
238665163
228542015
225172290
230908160
228642139
224189361
229861605
210207702
241168860
224077001
224804547
222292042
240837664
235968673
213233965
243020995
245463811
203858791
210903011
219792658
248688455
225322131
222631807
220800570
223344318
231632052
235625356
215539174
236694058
244132209
220102527
245283869
259589348
217507309
217730250
224724786
204283184
216947251
241577767
239212035
207123690
246078615
234204114
253998323
230657644
241617641
221812515
242491878
208316143
235227612
233253589
230587097
222497291
229971349
228708198
224864396
225663771
238860584
218679564
244343464
228439083
248216546
223336459
240577740
227442879
218300749
249741127
247573230
233247456
233926955
230598972
241275887
235003115
216319970
227199768
234767328
234643713
230307898
242106295
231275894
249673760
221208312
240253253
235903187
237570446
263211405
207015975
218988374
217834726
218817646
243164795
224920045
233858013
208294971
233748421
225658146
235582333
237558725
246921845
245221762
217459609
224782496
228805900
227468992
244489595
217124063
239473420
243840115
230219828
223618138
222286478
260031967
222836941
227892904
250067661
232185677
229597833
245821038
255824474
228393974
226734562
224121244
234855725
236331883
230764464
210709306
231783683
244284280
224896300
226278442
212887087
244197995
238152515
238680500
223728569
231091980
224492047
254120187
232175458
229935229
221136259
246346407
213475329
225985805
212939879
211924703
243889390
233938536
216272089
249780274
219913517
222730109
260406678
228583616
214519772
241481213
244233411
229275751
225162191
233499761
225311768
242627430
231473953
221521726
226824486
233174452
226054633
231680405
223894376
207865927
223999126
244847689
233828056
242611489
229074356
213938116
233201666
223190545
236962395
228689002
211253743
249932630
237391263
248439927
233617831
222410928
241249680
242618128
243308541
250267280
227230591
223842440
230812240
233213139
223394236
215318885
225289435
226320358
204396571
252312342
235720259
228295998
234869012
215990955
227105337
236584294
225954449
219344305
216790108
226456945
226493234
225797559
247160907
256839622
243455473
235017215
220683454
222638112
245428266
243135417
220680237
223751319
221422448
231101215
237341957
251575270
224610434
203404107
227564604
235489831
241756370
222783643
240390487
243345221
246155464
226927753
220521028
251610477
224082294
226590417
240069274
222472678
218481960
213349192
228470068
217999170
230613032
244611083
209349055
225434174
221534571
236477395
246153785
245353935
217010559
256878721
250714835
220305765
252040475
242988679
225155119
234076172
235786659
249573325
235575864
193420591
219487538
246752846
239408219
236612751
206323033
236027903
218631876
235436457
227068623
235342647
241169922
239852611
210135540
230895130
213342304
232133443
234452193
210803212
222458425
228682204
218330076
229775479
250207807
229674681
248089795
213066992
226210494
236247146
220305546
206141149
234739179
234251468
208217705
228289580
236162424
231087209
240552589
233141844
235343667
223754624
222927819
229285687
222396455
238494541
239072290
238327961
223585830
238070460
228114019
221177896
229366013
223683941
235118921
250515981
224800508
226157759
237072642
229556654
241861771
235556652
226713036
210780539
229542766
234051855
242627919
238562616
230789601
223255828
220086236
246403794
239346680
231633604
248474012
233435414
219492675
224472154
217928552
231578514
214389776
223717068
222334879
241419167
253195747
228575755
220818853
228222213
221714009
230491680
222834553
210249083
230153393
223668908
208434784
235263160
256563723
202518304
233592117
237017277
232014682
237241667
260693731
246983133
229398883
224637090
230765079
222342396
232371757
226829156
235173362
234287845
200909882
239063299
218337954
236549396
236664784
206112931
245902635
237723535
234333150
230598965
220011525
218380497
219806213
213371732
229041363
235496919
229140850
226298580
232946819
250639494
229397854
229476034
244952767
205538725
220166296
213850290
235249266
241191088
233051344
242585861
244823274
249493032
244790783
229166916
217752322
240248653
225467659
234077556
232748002
241132793
237467112
244129636
242023670
236039118
218741199
220990402
219769488
212512793
238021315
234464706
225801884
236908443
229638646
237490083
252681239
248558459
248545266
240041382
235806820
232051421
225210696
204721716
231667873
219567452
236285487
208740797
233144619
235411361
228312330
235410403
235120752
211785227
234837292
236659195
220170918
220380920
237035824
254488403
227494260
232947250
250383719
220741239
223507587
216830040
221523205
211930240
232668480
218465279
233139703
235181414
241393912
232602533
234784821
229682254
224587952
240045081
247060517
241977545
239706668
253414691
230475084
218257266
224602205
243958322
243764428
234663120
221169403
214850670
235626749
228285165
226856491
219388263
235436561
226382036
228646400
227477471
231469026
241421555
236478198
231327693
202075063
227762949
230311342
229512766
245176202
222294709
240075937
261535448
222740350
221889151
249386428
212837488
210611911
212870578
233292017
213884286
209787004
246149991
226927745
248129611
223898513
235409542
236895999
226998496
237765130
228045331
223362468
236798408
206920149
209955809
222105631
227057672
247441074
251310250
218798699
242263422
209686929
252096117
239148560
190127420
210211492
219817733
250864002
237816635
218041722
220301115
221745390
238271379
229713611
242031154
239770035
221570920
229325430
245228272
240904034
247527308
227724521
238614409
232430377
242557053
243863975
198284496
240653318
240027498
211995426
234110059
233998997
210269804
229113083
234902664
236806096
250869378
254053449
217289437
218054277
238375416
240441973
227900036
227060353
239144847
240326851
242330835
235748937
231954769
222843472
267314304
217242180
230299451
230226906
229342194
233544234
236411697
223593367
237440793
228168301
243209356
237033459
217789524
214007111
209528403
240037086
238587873
232596549
242973565
236662438
221143803
239274458
214783740
235836545
242577765
230413181
231829633
208399993
236235207
227194252
227073834
219952590
220598674
252329616
211780222
232766147
218756591
240357838
231592380
236723807
246291474
230492388
228324136
225744109
244197444
222782130
238203975
233469957
215470508
211126522
229273614
227939337
236657880
228889231
236552551
237934067
237495501
227605595
231380832
233513139
222761434
200681044
228020445
227487663
237627083
212043630
240644538
243630198
231269917
236540261
218595901
230422356
247190844
232748403
222533082
211782331
230299474
224833896
241651458
228896824
242678048
238106487
221146579
223168588
241546118
220159988
232585014
228150601
238174951
228600283
224663295
222142771
228456694
229592055
248391607
206289866
235838112
239008102
228721389
237702121
231447964
257218870
250479851
246594385
249336365
223410952
225014077
223461452
219085872
232887837
230034478
242266204
235359747
228812097
229838657
234870146
239023109
231490710
224749755
226809160
234365622
245987854
267490854
235749380
240803071
223747023
242305188
235587770
204488978
245854661
218845195
223994491
221784035
238836425
224943521
241268594
217917561
196024069
210700744
234530018
226065252
238305496
235360090
227253700
226715586
225649607
226912761
233566952
238098709
246013502
246332779
232836994
241259916
241300296
201125345
243837602
256605592
214400122
241904634
247617575
228218211
208944723
211538294
230355489
213116306
229650453
226818572
216386326
212986480
226160250
234819787
220136502
231299863
215920691
246450720
230384815
242673604
230335592
221991320
217940939
205402441
221702364
247263165
223867820
224427693
236652841
243261949
221863679
229765001
212086833
219402542
227136304
239364754
230841826
231629454
242431383
246154773
215900827
214161013
226214330
221943767
232131942
228177437
225226003
218625552
215035670
239249773
247886721
219910235
220149680
215315637
239495303
210901627
222056045
229758123
214207152
235124651
207548913
224532805
228819111
209276879
238720297
233157161
244570613
228709648
214686119
246244463
254603836
240117427
232841523
215228400
229653349
238567291
260636429
220201071
224763776
217214515
234314471
217876560
227063029
233113752
215186508
248324886
232188766
220209345
239979526
254112229
210612722
227597576
247714833
238157333
221708576
221499298
235685297
223970641
244624600
220299986
251041357
231512752
231261601
232205901
252081696
233664434
221450428
232209698
227689102
215397640
231342737
229923225
228148234
230415027
223971314
236520184
231477797
225068388
238496459
228395741
226134007
248145632
232745819
230504523
229190225
224599821
243954737
234979487
242519047
254190470
253358340
239283737
234578560
220492046
231098377
222576705
231565354
215048351
232173853
217491695
238326528
241982758
211877878
215474799
236837676
239547518
237624830
233406899
200816490
230421093
219786653
263822737
226660049
231628231
224730252
247339005
241468330
245458817
224635213
230781822
227987761
241086844
222859740
235710944
237267872
233965628
222481687
236233803
261072449
214311614
244679346
240461075
223912464
229135362
242516784
211937979
220298236
210567915
222334118
233591336
236501286
224572276
215154068
231727305
241298621
223461559
221560841
227916509
225083978
217962666
228498476
227307682
225846290
246013951
244301791
238152231
248851888
227134527
223453957
207574118
235553400
212703363
246870861
245043396
234285458
232953535
225702026
231118340
227605053
231185965
246009331
219452801
241826450
224906105
220544270
233954810
238052154
213475493
243024205
211015124
223610212
227280841
214721850
221365528
234473376
238469632
235397183
239003734
233149090
240394268
209638687
231678264
221248644
219063118
233093780
238931963
236698247
204741524
223610384
243595486
246866462
242947307
216553410
223251679
226457848
234371468
243565659
235369929
220917886
231785108
238268660
238969457
238412464
232654462
241557133
246394554
245933266
240398419
223856861
224099949
234965037
223694163
230145581
233551396
229559623
225087137
235899262
233616651
230766805
226679217
221165246
209052990
246095533
229616308
236556201
254894854
244196225
227346207
257655535
234299687
218801463
210247855
223668608
229475118
235979772
231785470
219863275
224858850
204513130
230881779
230409152
228509533
244437728
250027948
232923085
221724715
223219306
230874947
237582098
253475777
245101530
208167962
234542102
233390036
222929053
237146633
240930675
230739411
258675419
233865273
241440098
232270000
224334257
245895050
216374225
244077204
217295639
248950558
223893042
213096411
214174908
227181704
244713638
235650249
236946607
234018614
222569114
242332777
232410871
220613059
231662939
230735625
224223629
223192780
244352247
232990682
227419138
210437553
234138022
230356580
246731898
238742982
235629779
215611458
213370300
245761511
233103687
211924755
257226836
231775747
225333673
238012743
244068939
215026433
244772046
228176955
225898178
234580317
234869800
226114063
220056622
248575120
225743000
250025902
233180617
236188125
244027364
222340286
217544308
250198821
244369082
225899035
228449112
249921230
220270795
236905044
216895598
232310620
233825422
249047129
225430677
222482395
216653927
226484695
250973090
226313377
224584982
223373624
248384069
237386667
220356841
227255114
232454186
222626170
246948506
219773569
227091720
227421543
236923151
213377607
247601093
236688620
227862801
253660075
222199049
232109248
238192838
235589691
237867539
240414740
239820289
222320376
237894045
226138559
232261725
242213969
224045490
211510485
236936100
230091373
227922941
207912996
258838291
214021820
240294230
233490897
214133365
238695572
235507837
220903811
229543464
227557157
235646450
237375404
231615791
232806329
224728747
211645106
233844323
219983319
224712843
238217636
211037122
228683941
217970988
227310957
218436082
211128760
218968802
232789382
222551855
266302700
223678582
225110958
214711786
231876942
234002957
223876602
228506835
238034582
216446465
230452184
232856524
240999420
227599139
226727847
249604622
236757007
223585011
236256318
243408066
241446551
214211466
257811321
229381793
222600439
214000604
222532740
211841616
232991863
247407345
220054978
226471465
249021908
219254118
224473990
211837970
241723060
236359783
225983030
222571876
236706123
200247612
219909379
220018213
248842052
211835338
223920585
231748979
228858822
223695795
231191614
210678067
230920425
224816119
251222322
251773292
225786340
231916425
231360456
216573544
210753767
237774350
230410957
234252495
216493471
230803617
218557621
230127829
214129144
228193878
223773440
244419762
238530130
220044675
234733806
222607950
229394914
240389797
228890328
215383725
229303842
220507267
233143358
231070088
242984038
212037621
229974744
236369600
239383630
227321154
244562734
229544742
246045193
248642051
227204624
221191913
217325629
245788476
234191401
229945744
225121498
233788698
218801750
226413312
235174692
229961478
217076674
226022632
241625054
234336438
246325135
232120623
232431411
245391145
223435258
237710643
219567532
231930100
226292528
227567130
255913023
226538775
223503998
222396260
211037321
245336476
241520011
221623389
231371177
217612628
228067940
231658815
227221915
222795324
229672324
248341600
216712133
231215252
242748581
233499090
234818111
221059156
196523269
231854455
232233444
233249956
239165039
232850386
225063080
223431467
233406991
244878135
247404107
229974691
230472895
250140279
224067968
232891338
249598636
228395753
233450166
233114742
230356076
237730999
231017518
250168311
246361107
228854188
214521016
224479661
247374971
230191326
218386791
235462166
225207299
214519062
229362556
227296024
222324770
243460348
218984459
232781524
212971158
236784121
239967474
235809072
241177278
223752257
232883803
227327590
226412666
229791050
237592488
224345971
226447296
220966290
223222184
214042127
219066783
255670551
243001930
230758589
232795121
215270249
216928321
221748239
224218447
219636952
220050218
221311683
248580799
195864329
222454090
212594171
234355796
231307738
247733183
209274171
218269566
249808763
228653461
239173407
239136568
233100141
233174844
238704060
239865231
237281637
249112296
230846005
242300400
237176404
224869686
234332774
233115247
236714161
230865642
234563166
239050745
260268408
236704851
245056581
240151742
181322162
218579664
219951751
234320071
236500080
228348955
221781169
231289692
225222445
212152404
221360161
245975974
233101726
237444646
222713559
250121673
213590868
217394771
229764735
224811382
219231773
239828648
219089686
225006000
222869784
224751924
225817857
247385878
237320057
232995159
225012274
259206860
234472113
237077800
224582236
208482818
232521251
223655954
228215896
227517464
238234678
231257661
237203202
230681213
241444407
232531300
223180770
230579575
224094326
228054892
233406678
231098922
232226257
241468102
221524223
232416296
216642843
224193504
217756459
229644606
210040558
224974249
234828352
249846872
236548321
213589813
234648284
216779312
216890241
207613080
244698772
232102847
192927033
227635547
212548975
241305755
237984788
200204708
250179655
258359568
219605848
233530791
216781369
225942041
209446692
261729083
224611600
217156356
222282200
215213535
254662984
210857008
208200562
221516751
226451069
230945278
241090229
221327749
215445512
226204009
251435847
245864804
220162491
212903750
241149199
221722494
222608849
213157173
220352963
223251153
246289752
221209903
237848479
228085575
223259055
231990425
237036065
238242566
225839954
235375384
224154884
233645356
240478647
202339753
218854495
232674816
238415964
213719347
234511288
212923620
226674777
233229466
237043219
200635777
230693788
231840983
234426520
219673938
235827235
237638386
220432192
245280795
225722293
219667763
243840705
233420176
213000905
220696651
215923530
232064760
249876345
259148389
210980794
216565423
221746323
218550160
231072725
213945052
253252125
205628913
239965826
241590017
240690491
217352276
218865625
228106120
270113880
219109989
225365242
217330271
243096492
217589664
239172563
227613727
240754088
224516379
233075106
210735487
233396936
232719257
220330498
235502372
233261466
240339509
212863778
238953012
233822485
233366099
235229428
196952811
222330616
258637375
254616787
223123942
230763734
226324281
230953475
243235385
242761319
217480902
209415732
214520357
255733022
231938200
235957166
243028092
215821327
207297448
206951998
247277955
231422079
219079991
240335589
234560556
238384526
203289018
224002270
222537895
229101406
229057236
222288949
223986391
244089225
234928875
236940834
258696320
213904359
231529950
239037906
232777501
234500631
209111156
244644255
216456096
239040571
236494913
228456939
214986673
237586646
235201446
246220016
215003868
224476190
221701504
222606359
230024104
245776723
249692538
237820723
231896156
230873058
217246134
220348339
205605297
228292072
228559301
222749647
232129372
198994973
232490613
226988702
229735406
242446144
237984579
236367881
235778221
234604635
210965078
230970930
242842432
257598909
226468888
241406241
202599787
220853274
232870285
222693819
223833666
252115680
230487769
232025053
251933783
225657102
242426951
228263166
236667173
228413180
258238638
228205898
236079421
226254647
234141558
226245218
224618468
220555410
217820533
247302913
215823874
243622286
214295912
234033378
234013070
211261342
205405749
229185901
230885765
201711821
269073675
226516739
215351578
234741689
229823721
240674329
240087801
217034344
225985594
243906548
232384990
236417397
223072820
223937555
202281622
236293484
228345649
217035869
238960743
232639738
214767161
219948413
245103359
220921273
240005912
240355163
234431982
236831869
208336496
247355503
238577296
229483751
221388909
257960949
224432680
224704079
238380158
209439224
234070830
236820614
234582263
249615992
229441527
237293867
234141183
215170399
231137136
213256603
242591942
245871985
239055225
230546804
248104809
223763770
207922354
240071235
213236158
220379829
218572777
233429619
248904760
229868874
220285370
233517121
221604552
237445577
236109634
217746594
238779466
248907550
233116563
230610672
240109197
217514480
241871463
217639469
222012905
237988691
239654200
225089087
251826583
246656016
230054587
238502968
219628414
251927825
213833551
247344227
235019472
254587115
213938156
225965793
225238836
231989483
239747100
234365045
221344549
226283508
233085612
235607076
244108387
229088849
227110402
239180625
226382773
205330540
237843040
226573396
234333273
227434287
222193963
253827889
231229886
235718085
241319243
232389277
230645822
244086882
239563283
211257258
213475320
210200732
228427986
225811514
210193113
245768417
217180938
233942496
237471630
205058855
223566197
230783870
210958092
226478434
224786857
229544940
243115998
240335795
224127194
226449819
218721811
246512395
220209482
239660575
221316653
226794692
230697134
235360940
222391947
226989977
225097220
230683038
242659484
227393882
248503147
265195552
225384702
234347204
230551946
256311286
212149066
224499134
241020007
229450108
207442214
227259654
233077382
223993830
239041259
231842274
226005432
229604652
226106928
253197653
216459842
215125596
226894928
233381979
222039134
214305696
239032778
226279564
223718497
235652892
212011817
228437020
221420407
239852134
231809536
240790820
234672392
229606461
246196123
230742522
215085142
243598717
219935844
236672267
230471562
235188839
232321583
228510071
239554571
248291098
221016423
225486094
240217091
241914619
201477015
209944751
236148315
236653452
233216402
241001998
221597230
233826328
211771855
227889456
216326331
215312532
232304113
228006391
221158621
217293071
219200054
222349669
214514908
241223859
214121610
221963312
212781622
233628181
210509096
224895238
225959006
217606303
224724943
227580426
239166544
223299359
196449676
222575459
230987948
233494439
219193296
202916786
237896174
220121322
217715667
238069168
254025180
222108821
235764847
244632621
226698832
254778360
223723786
236752905
232343241
232811523
230665514
238374922
234473864
239060198
222736995
245812761
224193652
237531382
229476181
234305687
229904549
234348106
223814604
224584472
218944084
223691517
208136444
225946689
239533946
223795591
213247866
230461815
221499550
234134875
270441725
243190835
211422344
230410426
237847536
239569316
225424790
225925549
216903998
223836482
221749590
228613723
227656545
225656672
221911127
256373607
236614409
222404879
216314846
223832928
232995431
205921088
215226834
218543829
202640133
247792852
225058761
234013731
241182918
241662397
241207804
240781833
230512546
218419193
227021108
220083818
237517256
215020871
237137433
225778629
217577634
232835660
223629979
227057081
218735259
239011004
222758467
235674964
235423251
228032183
237455105
228824300
246613867
223500700
235318602
241592858
242551574
240358793
232517355
231251344
237779384
233179848
208892179
240697598
211741858
227260512
213508132
234262452
226422461
227229571
236874833
235567787
244967039
221615734
208097994
236863224
238735735
217650863
222782313
260407138
223820163
237995607
238753355
231150755
251072276
226153304
245861566
242862255
246218436
244690550
232092938
256028957
209657628
248410271
209906819
237555663
206723298
238168606
219104147
229238515
227558910
221370795
212119217
209137912
240317828
231865944
246905518
235589155
214869181
225039564
226204321
245131037
229810824
238071145
250935705
235063476
229588973
254074561
238903763
227492834
224328937
253472061
233160414
228734503
229374237
207187517
230875118
226929824
225170536
230558762
236435867
229034562
227848809
220630959
245522854
212903954
204587441
238907589
209660011
231087751
213841887
218600536
233351777
237346111
246481104
237165546
240584337
229256168
228735678
235543635
239832293
253296814
239059147
237391422
221506025
237709204
225117138
240325689
237962508
230145931
223987764
247858651
247005636
227074372
244606746
237608321
240813163
237637893
217608984
230079409
231671634
236762174
230953394
268260478
215561117
227177040
228231732
245164407
235055161
231132237
227162252
234822927
235496231
216492775
254664577
215523934
215649078
236685098
229372269
235698927
226884288
224811959
219344057
235512718
229521831
234076039
223198986
238678151
238466006
235578876
229075817
229586046
226945403
234143897
216092342
240473367
229004279
243729539
209624953
228758968
220737205
239100211
230648007
221264382
221019294
228792910
243695975
229218187
223622696
224975560
231526074
243793518
258286688
224903310
241050174
236733803
215538190
222857667
240060915
216315635
230552343
219258799
231910093
237892888
240060230
231889664
222818169
223538453
255210067
228515736
225880491
236979515
233001994
225238384
229280228
223260424
239989791
246258605
228790498
238675124
238146862
236528503
245440506
258126743
220410384
223463084
235554478
229367178
222398036
227165453
223484568
233069716
203378357
229613551
216736808
220145520
237319924
210064558
213302446
223155550
230730669
210396321
225708898
248145812
232927099
225051202
253477933
230079153
216471704
226443105
212516300
230724350
225653024
207084533
234484289
241282080
243817072
232603983
238178131
245562482
201187085
249096895
225023158
233100842
244417999
225592163
233601122
241411199
208401315
227409300
228668111
243986776
221476768
218381926
236714807
239756352
207445657
228578087
209518104
221658899
233380983
244576492
254147303
238577328
238496096
240391587
232326727
217631968
236116723
222297248
213208932
253063626
250990057
228301928
216462207
229581968
216649231
217423842
249338620
238715850
240588952
234284281
231800172
214567191
223622996
234256651
242743696
222754511
210820761
219703528
229683091
223283822
217362494
224673674
254691915
216796945
233291281
224025470
242050591
219483385
230396440
233573663
251466140
233763649
238324101
234569912
227408107
234777678
219922669
234387260
237809728
226345132
208986722
228263982
222109052
231740449
212665298
222532339
240012127
243991392
249347375
211360133
256501715
225278314
212881387
236202870
228356279
201298228
230399504
198743497
239169598
218842183
233092063
243100718
228789060
218323569
234607812
253276645
225411015
223766065
222190184
251819461
217260305
251208074
195469728
237830684
229619310
237534809
224417734
255547801
232825313
239995880
221592367
230667365
227237958
254831428
210787118
226086022
208479392
240435111
209361247
227398996
224118422
248053807
237336218
221399144
231006613
224693526
211900112
232136112
224774334
238801208
236948703
222154134
229424597
227271316
204086784
228710343
237160024
235360828
228469147
226664842
229734143
234055364
238216575
225113914
243195403
232940458
234682084
231836291
230229667
226364616
211830287
238351286
216939507
225615329
230861286
225663642
227861097
219969643
214558659
241691740
234040843
234063664
243176029
246462301
227168946
235963319
224118589
233270542
237282048
233875479
228722517
215626444
244123358
235696160
230702589
227912588
238615555
237292299
215270265
233155113
230448568
241468309
234474862
230435481
234377239
226638903
224627518
256725138
214944483
240823988
237614653
224726915
207212620
232147356
231261111
227548384
237969909
227211944
230887424
230259709
230557424
252794899
235464281
225108553
209593369
245078128
211544466
239110355
229587488
225975859
240360726
243743330
210576605
232560387
242813347
241652598
244900206
230550284
239001790
223182292
232527347
227211324
225468582
228915456
243593880
211364155
225314736
235987417
245692313
223822869
217638417
204497741
240136786
208037835
237219148
243888001
226254848
241110554
227246065
234587906
221947720
229759972
220125548
247316366
216926341
208697289
223824594
217889208
221308377
231189505
236370173
240067959
257569650
237133035
224003950
248924108
230478839
215431212
236812414
228311402
233036472
211115926
246227064
238010785
220602805
204354622
225965132
227329423
220000846
238766826
232099393
254091912
235009636
234007405
247017177
214208109
235027141
220919064
228212356
216432208
218794625
204684106
233107812
230130385
222280132
224738370
227497652
237212425
231736443
221666363
239797276
237892700
250495057
224120517
234137557
236594257
239893587
205894804
228388887
250938286
214926872
223686896
220063288
221274040
230746707
220661709
233645647
210693285
241264849
222317388
234594053
212746858
246499591
233026475
215851103
236476625
226280273
227345958
233343454
214889852
230775170
223046684
205112123
252002887
235693128
223408341
228806649
242564838
221645175
231798390
227239664
250644182
234431525
231587468
232800925
206427851
222505556
215484795
221905047
238600790
230829737
237848112
221332945
214791083
209675977
238938238
230699082
237269125
223609633
232811696
227228801
233504423
246040220
239037339
214165132
220236107
241229486
222400702
239535924
221601421
252081933
247663220
240510774
225934086
248692499
235796522
239123655
234931032
250796319
227314364
233755797
222380536
235200228
224581739
222618325
219980828
219733838
247582216
242764131
247158178
240709956
222742859
214550592
224267748
253330745
232353367
228075753
198607138
224897122
226133406
213357976
224631896
238100623
220460601
234097328
223243987
206297682
227716736
232680930
231713059
247432102
224803331
205956615
229773623
231458352
211690591
210395334
232212797
244739234
233449853
231716242
230559437
224480982
243143765
229451103
228663588
239967134
235354637
246627347
233658212
218716029
224745751
269651198
245402856
248666158
244221718
236845296
244456419
243668406
227399672
222048910
240278860
222029349
223002137
234173318
230251638
241479469
243284083
227798094
240908288
248218319
245062318
244105102
222169969
241340669
242493021
228502620
231621966
236039887
237549060
232238023
254657079
225795368
223224192
222059863
246804179
216797343
242987125
236964982
228840839
226024693
248840912
234749901
245132825
226993414
213557331
214668002
240186140
204579733
215756462
209713690
238043773
226516362
225809079
214065290
218197714
218158734
218879173
217750376
234828764
231944732
251108436
243451471
233167283
230261117
228303302
220948913
246197789
234259069
248487581
231902070
254227463
246134545
233175691
229340457
237699401
227098057
246291582
246243769
229101097
243971413
239674778
232075445
218052482
229681038
202816447
243161262
230581799
238121508
258015593
227388493
227108434
232920225
226345208
212288956
225213094
229612698
205796006
227461353
217223776
230393959
221632990
238418794
227916908
243918400
221670173
228522954
236170142
225008216
213804324
231917537
219746215
235678233
220007088
232920704
204935487
228254157
232965570
227463936
225105187
226206829
226425457
225211879
232206583
236710728
227905010
219971412
219991080
241380825
210135227
228828855
218955384
230943892
228726004
245638355
221851869
215600181
237983543
216711618
241469370
248350388
241498999
235258064
230149750
223065702
214940416
222549695
239325885
204469308
235603680
247380061
247195473
207645825
221637816
240432363
226521256
237379697
237194634
215701533
215438830
223301638
246375401
218136488
230712295
225273075
224782239
236474764
231604543
231724661
226356883
234313273
221308298
224839874
232117195
214091537
226351444
226062515
209339201
231736440
216344010
226803692
235718553
229182944
223229249
226251193
242746950
231947950
229764224
240609249
243817986
222934416
224516995
219486692
237798127
232190820
226103491
238918791
228754349
209517207
222523673
232236318
237552491
230662605
227490273
240199618
231942107
223694537
219909512
214311376
220505989
235847865
212811543
210224665
217843240
241563578
233218677
221463833
227358494
215222406
242380520
221179571
230042369
217836047
238909924
225326336
242619971
224215650
230662150
247260960
229686645
243532966
243969285
236374926
231397557
220773431
221467765
218030716
237061612
226046910
226025513
228844785
221007878
217273031
217875170
232750676
250213593
244139385
234890388
222476101
228178033
255984275
216674470
222888959
235337813
224811209
228403676
222680942
231629959
225950113
230630580
236971616
219094851
224658064
240153364
257356644
227088690
218914920
240000103
241552388
225300838
216670812
231509396
231938529
212084521
218808292
225087382
218701806
224889572
212726210
239404426
219919215
225750174
230775808
229100457
219578088
210390873
225743057
222473976
242493297
239062065
254238096
234282722
242461148
228311137
216463375
232612105
210568154
225965970
231690802
222595873
212613714
238937841
233802687
247317442
242632823
221959044
238801977
226341794
229144031
243016146
222315447
215526368
237694811
235569405
227424141
240247866
229825606
242919671
238855822
226365495
216242942
226763016
237503303
214536210
228188150
244423534
229868355
236776558
235962234
240465658
217254721
236126609
236548177
234544644
219800830
211343293
228358750
254958539
251724017
258436138
242373257
254847435
216744568
240456001
248495398
235435925
220599465
230655304
218757436
223899370
238902491
238996203
235703045
215599438
229438677
235581424
233559334
213392691
237677630
217694978
238307634
230764695
204182217
238661416
215378146
228117853
227716429
219243990
223364550
223499004
248655772
253223585
225560359
238635062
230004227
221125516
244578813
212986274
226316999
231860786
222063204
217645263
226235401
239144482
233280917
241792676
241199832
232961893
242884292
230445845
214989988
231228053
223372648
247619691
226145715
245725645
209351288
204841603
229251053
222164398
222963539
231448123
221160905
211914923
236901054
248586738
240013312
230089611
214134085
242944534
253083188
233276153
217272683
243074110
252688915
225739683
224555188
230912837
244285509
234254008
223995798
259185022
228727938
240152635
235078118
227858049
252404249
242128597
220445009
241620174
230404197
234678465
239679705
235291629
241533586
232204911
217516942
230264980
224691783
239112929
241311533
232602512
246765668
212582099
216299271
220313624
222649322
227605039
238882729
224890997
230680513
229429488
239761613
225208356
223864243
230839801
219703198
227363395
221536228
239139848
227181313
232078286
203904107
236840805
238558565
220179866
228423804
231820018
221536545
237154078
250842989
250211370
233311085
234806677
222607751
237706862
213376668
229746166
225670976
233299844
217901642
224633337
205395368
225052853
219993018
212936358
221131782
230700534
230302507
252590657
238611366
203209270
243788046
215805729
231254347
214247771
219693000
221754797
232409741
237406635
248204819
223722795
240365540
248566684
226729442
240361964
205974106
218048780
226052495
234546695
253004280
212795596
238933951
236936747
207437094
234580148
233715990
222294822
238162562
213220865
231095578
240318280
245352993
232101740
253121359
230878644
222434242
224716714
231798193
226704541
224874519
248389763
227390802
230370704
233536813
254483738
240177297
211240905
230526512
245481844
220339465
233546705
241831291
223551831
224702028
222793430
230428280
232364436
222807419
223954666
227434162
243834307
242531003
207126740
252363186
235543497
239839288
207897086
236032767
228635742
228987299
232401194
220356429
225705241
240398641
237323776
238011786
199910818
238652876
225184433
233858321
262708797
230012874
233203243
217437264
236864873
222358282
236354263
236044898
227261177
232129665
224845438
255530169
228688733
240010288
214727475
219341581
249685165
214364151
219962289
233422036
237141046
237880684
244615967
240313574
237726359
225880652
243373288
239449490
216533800
226595893
225031566
227407501
211618837
234929990
221918475
227605250
248640624
233032843
254192716
231514055
233742965
233964133
233359353
225348771
229334189
223898226
225483931
236519708
250724690
242270721
240230305
237196150
258487033
240892026
221240466
221503895
231775077
236474875
223375692
236219208
235246389
240345319
243524364
231630769
236294563
214203313
225870467
229842361
224771796
229118711
232380516
214484678
221680096
229159669
220769647
218013222
213417490
216597736
231740224
207415005
215451211
231199496
239713727
233723660
235158802
239892000
247182045
212228724
235779557
210547068
226964635
250926174
220600810
219300350
238167832
233975449
233601203
226096843
227708103
207352783
204444461
229144972
219720789
236939096
219136324
212014837
232213857
231535096
230681271
223635930
227433567
230765250
217377774
229920335
230184006
237972162
241003666
233733604
199893105
236331119
258959352
197259919
235701749
231460325
226566527
230545636
237774285
231591243
219629291
246048067
232780340
208548735
208167806
234553097
232419234
224551610
233940320
237486365
242341547
246236806
225947869
231553931
220041320
224072832
222141997
236808714
228432148
247288041
217960047
233246771
238170721
211567737
236596358
227675350
240469987
224008619
238318710
240623505
229699384
218005645
244115069
236592623
244126936
232500230
233448981
237276769
239271741
236756011
223510746
202163292
242147111
239994659
234374774
228925404
222277790
227498240
226586886
227715696
234449685
230805755
213166362
247872788
225948023
236321263
228249621
230689686
241510348
225517560
240477136
240033083
246432424
224975506
218505397
247158109
227222203
237063869
228599859
214559740
233975495
232912952
227664608
238500038
249698968
235976049
204562039
218956010
245694914
248729762
226301630
234685000
259478039
229624912
235407295
217579046
235338558
223362395
237107202
214172558
231810379
222242714
229475249
234138607
242573820
222924277
227265536
234962687
229949588
227438646
247229708
223795164
229734915
231556053
204754832
247191994
192770691
224741747
235448916
225333914
225086054
220276070
218465232
231854338
236925979
227276910
259093678
234139313
201936968
230484165
242359478
223368730
233154311
216645217
228649461
226620408
236269152
235516127
209993876
235121941
243957788
233079683
245362383
247064367
219699467
233105777
247043083
225710742
224377268
240784163
226173668
224421426
241390085
219691045
247296365
239112974
228729012
237837869
229506411
216623642
226063676
223901821
221643979
237453217
244673400
225310850
208100555
243535223
222833214
227090236
234958371
253377875
231258039
223759417
235717478
229999081
235405564
228405393
248913872
241202800
247412765
231378896
242271291
243068272
217526314
213009493
230820618
220851632
222295144
217546970
236670760
235076361
240232227
223367835
240426461
248503877
227507290
207878002
219784201
214561512
219602502
239051128
244716438
264058714
238273167
224911532
228298537
229138454
209808340
230849850
226422620
236288872
224793506
234402811
246508257
240579779
234007644
208718916
240416851
237023014
239249059
237990945
248180735
239215823
219042689
215996129
230427915
221218322
219938245
237253628
225938993
233044720
240572089
237026974
224862867
231144760
228984501
221740182
218829013
235139107
248483952
228327046
222223916
224686933
227064326
243895770
231700594
235910983
200624481
229292271
213928432
239319753
228954331
218986653
251188876
236448344
234430908
250709580
237331192
212153119
227363745
220087115
241953079
236737689
257674533
231133766
226175301
231197147
218761258
233591517
233563023
223355731
232988004
230521256
229442614
226576467
206907930
234527359
240578873
237402187
213157038
238235873
221140036
197691777
227975103
236841419
206260230
222504823
236585098
221231294
227435452
235721470
230564322
223601180
204252982
223789819
230978611
209511802
223321320
217620466
235563450
223898923
229522888
242730317
237639445
233284304
230906566
208867563
229344671
230688786
226389673
240903955
213236477
206378325
236623400
243358950
216674765
237090628
238622615
223535496
251944623
232914071
210637895
247665182
227779515
222507038
219952474
226590417
226561670
250816207
215526818
242797897
217933436
229795217
249854365
219904116
232564266
234068491
220605388
232878431
238712411
239208996
234408127
245030888
232928139
219673132
229650179
221070146
242800916
237588627
245420676
238174122
222623005
218947679
223433880
243713766
224116866
258372781
222099431
221931351
248813793
212067858
244957798
218667123
230411595
235963390
229476081
235691084
213813980
246516478
214238308
250098507
249640991
221685403
219658430
222530825
223579398
223467729
227896950
234214682
237328743
226601610
214733605
216963210
236777954
257407512
248552930
252621861
231654043
215178668
249846029
228160925
217248544
239647290
230740259
227477602
218932928
233450185
241528688
224115063
225059357
219746001
223327835
237807648
220810831
233918360
203694112
235903373
233230085
217594329
209573184
227061142
238059240
227250281
229649061
241224810
246275688
225799974
244221921
234476769
243984601
232376443
237021909
228599028
240045711
235628688
200479951
242835195
202161449
222356056
240105708
214421452
240423653
212849859
237921173
235686540
224070910
231493002
208880889
261852284
224985835
227421065
237283373
235669868
232169486
233051433
218905917
252402195
204533869
242695828
230941113
231891304
213233399
227977927
227643187
225774168
225520889
229780076
218730853
243037799
225122768
221558075
211718210
229728366
221113341
222196472
214618040
224890629
217436513
223366459
247141792
229624572
226432540
236082182
252479953
246939568
249831262
236975757
238182904
250163894
210715851
239867468
234582025
233335877
254860020
209057787
241896977
233978555
226487032
210495514
229029691
232673536
205877075
221849651
243813775
200972459
229262563
234242751
255017208
222601275
238248182
219267797
232219739
252039140
208040778
202025646
208848830
214923900
250802496
236351171
226292957
224930777
223780804
233991828
224593115
208466616
206298920
221760589
222376894
229502228
221100986
208178193
243063475
233867860
242917788
230764617
247906995
203121866
230736156
228148829
190663000
201621223
217887925
220100618
212764258
208280307
231983316
235196527
229502477
205929681
243728602
230651245
234620057
234133896
211426135
233967917
243777093
233378546
235590564
230351797
239245222
222299072
226963709
244655499
225568774
223509481
230908109
208170992
220983023
231802424
237782459
219925050
234153728
226544859
241188566
224354386
212872393
217939908
232203193
211341987
225194093
236962951
238493123
222603757
234060995
237277912
237799094
217853537
220198015
231990054
237171215
234092435
235215181
225216348
238595293
257964441
227451877
203563284
238739244
213966611
250041438
240311141
236767816
212232202
230801421
235768162
231053927
250859801
222496573
244899519
242428162
239037824
227257573
226204713
231430741
243930924
217399241
253436064
246815474
214517804
249568922
229832305
245245264
221000523
237250917
227077956
220928123
217562344
244177209
232346836
241751353
221247625
223846295
218701892
227344903
236823989
246363036
244020705
254751055
237299850
228685920
219083925
249247394
247385128
236762898
207627021
225644892
216825194
231888296
252703515
236780906
230913863
219815624
232089121
241575431
219180694
224238905
216359171
247826113
236009096
208123721
241685483
223568672
241150235
234223511
225978129
238736606
257618325
223143069
228729718
224878820
243428865
224195953
225147265
257792575
215846518
241686349
224902298
233377071
243744998
233290130
229467162
219451368
251238506
242054091
240841612
214142759
223719816
219370457
243921389
220470652
223403712
227573402
248342099
211552648
242888457
235053783
224722234
237431915
253093807
243489364
231397868
229557656
211184134
229507952
235267957
231194948
230619523
241111281
241948403
228164780
243268676
221132974
230556661
224473215
233255412
230842665
250445266
228661735
211646888
224894139
235709551
237913775
239036509
237150028
245200232
207411307
217509324
248523549
237425117
235715060
217212324
240103118
245536713
243621360
194446346
222037159
239937342
224803879
226071823
221463223
220758099
228818267
217933745
226223294
236667973
214478964
217695562
237343145
238999676
238201241
235380770
205520292
225626587
244924736
234440186
239343437
221490444
206041852
203411515
237893009
214155062
232712014
237600118
224522046
241155960
234484476
221138817
244304408
249305137
233237296
209379335
228684078
209765559
233940384
199214539
258147859
215573805
235870974
242638586
236378335
223603463
233142742
236706328
234146959
225032357
219137309
231124748
236521568
223225897
204497273
242539847
229346562
236979956
229079785
193227407
215855851
217974144
223685934
223121847
220021067
230718236
236806247
221208720
231092091
221209151
243875190
218011768
237032695
256684664
225987248
232182488
238279216
221927545
215568223
256892374
229387900
215787679
223281683
208747503
229145452
236126872
224403352
232961016
243556027
222920975
242629716
252218003
255621945
240707254
241654370
208439823
251904289
216486402
226025380
231717076
232881579
216723193
247514732
232652053
244082991
217883784
231626852
213933028
242629902
222676633
225028307
236621138
220685459
208752380
217437962
240317865
232757363
225087623
221357720
212780403
231946358
244911249
206708434
227242884
241816801
225447531
232165884
251450007
246368411
236405286
260380909
213653233
223606269
213421148
223010943
225859756
242753792
204253826
227001668
234499817
240467354
229403899
229953284
246401578
219493153
230509169
240430614
229084769
253159751
235822713
236483512
229391963
250925318
217586063
240627585
214365773
227423298
225494744
224726788
235073036
206804114
217610099
228813072
233508844
233117570
226916392
240572027
217046527
232450195
235815939
238134052
252011138
232620723
231070997
241964559
217880399
236813810
238583377
230495657
209527546
227538177
247226103
240182115
223079122
233147105
234866741
227486070
217933651
226030815
218584832
229302450
234902757
228203651
226004431
235940701
223381832
221128102
227532599
216976855
235974948
221895140
244025620
236657012
239683325
247436637
205848408
237829285
199572223
231491945
214964122
214115358
230960713
233556485
246156430
238851920
240583924
230868094
236378217
222819954
230503296
213283570
228324965
233320872
237712017
235511580
246339290
231898976
248423500
239969879
211599897
247328799
220920841
222712635
230217892
226491322
223286284
218041519
237893832
242612684
222591323
241640632
229513050
219741888
233808748
225044939
227625493
207993483
236261507
245937711
227177861
220247882
232492097
238119543
225160874
217362167
213100557
224059308
225003854
232844507
239765407
227657583
237972423
234018446
215832473
228370732
202324361
217463149
227638697
241364069
211328764
232461149
231897684
222047972
228925670
239304146
235908873
236114502
228741526
253547983
244201368
249753116
223359330
230736341
236124831
199847247
234305895
223666127
220948895
217819691
222083913
218972428
236978541
225034508
205893271
226049838
235200664
231582429
245478964
225161656
235266515
229958875
229645896
255789925
216465811
221565409
225852480
235150104
217734440
241083725
236467183
246572124
230887413
252769170
199575754
240871527
250631191
208231980
237881200
217692021
217776140
222079844
229030633
250052498
209020163
220030348
204403391
246361130
221221781
241437591
246146182
225277856
232032335
230774258
248582554
239372971
204964047
226850282
234709372
238195968
222417084
217888857
215207037
216008741
217604259
235836025
215209587
206417693
234937439
262977348
251073295
218842716
204174584
228281798
234356335
237731350
229255613
247304751
233820941
265832431
249504337
219918184
232056853
238939247
232238184
224855796
212560544
212321428
249013684
215418008
202521612
244209029
202667322
221065672
230290996
231780590
237879148
232173747
231868177
223426474
229337085
224700614
236000526
250708299
235349921
235794527
240209247
229986481
213009961
234604662
219922290
228142076
196495758
239908200
233985801
216971856
245960426
241698122
236713200
239427972
233999999
237850991
230875182
208321149
236949551
238084496
219375998
214345020
249820788
239743366
227159044
235668095
269971502
233141915
247988667
224951753
233040752
227313386
216327905
228152765
239245815
225267653
211110250
236870071
228141381
239163617
211683399
241834112
223285671
230265313
233300833
211688477
231838681
225907461
232818867
234029256
257907506
231889036
224604844
213169031
214837681
253294420
230484789
231750513
235729172
230407246
237235594
247434123
225942437
253775875
240595375
246846115
239111010
218469152
203414016
223485784
222081632
235130008
240677635
231439455
255120112
223308483
231900463
223250055
240586052
234653404
218290066
240541759
227354600
252149939
237275920
220541118
231759208
217117354
235196725
239738120
249566020
245918852
221307162
226313344
233595622
227669714
214124114
234407267
203248320
215193439
230344079
238242419
246321115
225301008
240544601
224907096
222698604
239322155
228158034
223749860
247375925
228664079
222452029
243237917
236999706
259677507
240100086
232958815
246085123
233107652
224051504
222867652
247734439
243500316
223209900
245848169
249521866
242588540
226956337
230357152
226126489
245516222
231357904
225177255
230438795
227479064
221526655
235196425
226740778
231590891
218610032
241471428
