238623925
242701398
194524837
261917699
213237668
280922145
227775704
222472136
278490519
208401403
203330645
272227480
259861948
242582776
250891329
174380920
221934175
259476500
287378690
193674209
246420651
262605736
269554574
187994938
202441867
212978953
218722806
229686908
254600589
255118240
261885960
214192225
223680047
259128881
193024832
188853413
255634774
287122000
222544567
275998670
194874144
250802309
264526899
209342608
181088450
196483547
225380737
212209030
244976769
201569209
219451455
199307378
222300624
239845387
236538593
273473990
272971253
250932882
270684617
256908868
182784636
273861692
262055249
259731926
189709790
228802765
222339988
212725130
247313554
253230037
208060800
210911568
246415446
222176455
212605770
246340731
224211004
205204875
194071101
186880717
279894580
209124791
257346825
221896127
189359709
206002346
208723533
250827546
284620692
281283092
232067727
178705646
235947832
279518933
250110137
252182039
191372016
277271542
240871464
250146376
193946061
241010792
189478287
251840612
177777428
175470709
285858302
244392083
235913146
229441447
274182933
217962047
247364297
186733870
285251270
287088565
190350218
257889383
212699922
250427116
239772191
235827416
193156426
287941026
191236368
221581997
246648945
196498655
204763521
228362232
272403559
248241915
256036332
200146393
213030868
177948441
188195675
255326552
176788376
240459763
195865396
225617536
203319621
202960545
176573556
258409054
266395520
243501172
247858481
217781775
221300062
229870637
200809515
209278694
185668577
272478934
251828179
264757081
187339395
272462630
223651520
229987684
280534642
268001774
245831589
260100123
204125595
239826085
189181194
216964446
267244411
254957341
197178947
196602313
234772781
185735195
203446878
257298276
244022694
203404199
253477954
229078665
259717195
203823988
271630957
190785523
211762198
191606441
242945747
207642179
222007331
248766047
243869077
236626072
267647157
282977872
257454402
248272049
266768489
244595112
215178605
204589305
204465223
246527700
214674251
202488495
207724567
202005199
245252434
248706688
233034727
272611730
200070438
229348846
204667490
215434810
204923829
184904472
226269071
221381202
222778396
272896580
263363241
264786243
250524693
217697720
229248999
261826118
252875043
251194181
248120009
236586647
178547901
283446394
268440965
284820026
258628139
284227099
235516079
176678746
278074228
247965179
217399761
204370630
242995883
242696111
231131374
270680240
211913686
207729972
283571560
194769990
279264368
222704236
228997289
197106900
208140533
174481882
194868010
180126564
248387850
197469626
193220936
253083317
276426148
271770770
224931179
222000960
237136462
225323429
219191659
230850265
179138728
218648294
215036672
267729282
244492294
277343330
279458346
182895311
215478902
262941550
253324074
183400362
176901432
245346019
211516670
175204970
275399440
198844406
267051450
184160485
205733487
247576379
186717522
181059474
208007357
197391803
210384914
175626641
246679210
285226404
232487269
205402466
203931417
278877419
195438499
237105095
180789909
202647845
202458782
180572053
271882536
246113958
253126582
286640529
250872786
251153942
185502446
176309419
240650872
192656036
196135049
268487629
202888142
187455496
283540459
234817673
212629557
282652065
208987639
261514294
245315998
202368876
267783575
262528031
237892917
222578009
253310329
274920037
191745353
194716684
258785089
239037302
265721028
259776389
230705562
240664375
203387136
178859707
285947707
193711076
277993728
225109413
284416289
209265833
190239702
195466911
219925940
207636491
197134133
208309193
252821999
268706860
176459609
279585860
264944564
216408248
187606408
251639049
240104993
274483292
229711076
260835157
194320033
285842317
183879119
250161853
175445574
263494924
217912064
259683765
226100771
208480393
275887397
196272309
204123381
255681118
244215743
229637007
177361646
278850665
226094191
269260353
249351965
207587121
233677075
191806440
198601419
174535179
227760696
259130086
219903198
241835112
236098054
214059896
204786103
204258104
269139338
285487599
242548223
225372405
204905799
264303782
255321537
206741058
191085168
282202537
191506660
220704658
188554462
232174225
263219725
178563106
239197353
268175501
249032668
268213429
269409779
244320618
275692130
198825646
230884283
208524648
218325058
273389635
176103271
179994602
253136363
250016253
235575392
175919125
261448001
272412944
209512638
192106778
270669900
206164344
255063661
224727179
205408427
210440936
194080120
190569690
238227634
280836531
236267019
283551907
234636919
204959348
191524032
252389874
239654057
246283750
275022826
270270052
176335683
254302888
182695240
225072707
231593778
196326940
266371026
194758688
246541919
261680643
216879587
271659507
251604677
214760386
179342871
259067848
281804812
229755449
203679827
221746342
182383469
189205464
249981569
184597513
278107783
279449242
283144321
204901592
278571332
228799858
206589348
271513563
202792419
269767535
182121816
273812841
285575397
257283622
175146790
269144476
240208595
243889094
209493136
267826695
268953522
205852516
284617451
242619160
237481189
219362470
256398922
203031765
238827687
271526136
240502404
175772992
234725113
197737915
240672142
187779659
232713820
202796651
275701104
273886047
197502874
198690900
270141703
236300640
257290034
231362133
202192306
235721914
275245541
245700182
259434665
185724108
270758736
207075043
255997006
238773552
236291075
275842268
239845367
196180520
254572872
244991632
263731699
267935714
235737847
260769837
230634833
229311302
258478786
248775545
214074919
281558395
219506789
205391517
237228849
239761218
199597906
248344031
259109152
246991885
227498860
207008982
179588502
267488332
196327904
240965628
240170682
227856408
234266645
244221535
185661568
189968319
186804359
248425207
268433271
260719756
191571948
188589644
241528566
218550055
268344863
186380955
244664512
212441062
257455202
236478785
211556804
213768723
182287384
261202963
267184045
254451225
216344838
244565807
207347315
260873784
258849395
211060102
235893895
226967987
278318709
178584411
261722769
264701779
204022570
210558681
202452481
190580358
196002918
248460901
218080974
283634339
237668569
230112353
244888284
219267239
196028946
236649965
198623098
281541338
225828888
250495030
175821109
226963765
276601899
190916123
187907440
245578858
257816532
212047196
193767820
238806885
190440259
276986491
212063981
268476419
286204732
279248808
260120668
246697811
211760612
178068985
177751654
279586050
193455480
272475986
241694205
244010373
195206848
189656170
225676201
191426210
286143414
260982603
250775394
237412110
237670925
270293737
237646519
214832282
240194478
222289925
253601598
246392523
275782650
261054818
269796967
223185460
175708915
237027278
205599520
274626147
240784803
194964105
179947648
221785577
275538322
219060099
238468184
279462173
190283012
239934697
259366273
214620110
261061926
199040059
215492569
267033695
183728322
178267279
284249388
260466913
265401305
215042964
177508329
251925806
249642374
201853637
224781365
205541310
251443734
185326039
187819619
220084486
224775778
220061294
211321103
263175783
224616097
241549401
222696078
195168836
227318466
198541737
242220124
254473048
242270886
180415866
185002362
192744535
253052208
224513094
251419657
241909844
226942892
237872452
202105843
271063339
221035353
183038154
282157320
287878664
254934388
280744544
174712742
256006631
176480238
182636411
194996363
272821614
277854236
194159288
236447989
281344085
242551540
205743073
230421190
279093385
254352330
197830794
187298940
215203055
212062484
183198922
231561917
258963330
250550557
272606678
269840143
180278280
192105757
225152732
232772092
218774920
208211284
246384572
175726518
216932123
247535135
269156332
182853913
271536703
203657382
245089978
211583083
214920475
241657566
243986381
285514337
176150742
216829589
205315312
228800934
202487860
191622720
278951150
230720153
197599494
202622662
279197313
252908636
192065645
252042738
246780483
266920879
271639434
268678076
256698243
173300674
270471252
241578631
257071414
227214495
191078886
181728681
226118166
243094522
241125659
175085015
175328542
193324887
280255725
205218891
251981583
181141774
269741696
235893039
180704209
174274800
270069365
206716233
219661747
257191014
262957962
188749590
221128348
180472816
274129896
212726834
222317901
194990422
255452504
202297730
280482678
229036337
203314369
211084266
235681472
210809614
240564555
208177242
239812925
247081714
253698747
252044255
235929158
194503225
262296419
185581591
248454069
181877896
212752877
222926620
284399536
211490939
206830099
252403688
193743021
269946098
214815775
208081987
241038730
207254474
286960543
284310912
213536237
197280379
255514813
265545545
266408492
260298412
182998029
179851556
285613351
213783807
245471546
236878580
195394214
232903383
262670189
177189216
282609561
188187397
205889333
279574795
260490705
226518116
239643483
269979421
215769143
269257520
176393612
273593818
233930758
245342898
182347631
227590357
185175154
267327774
236298473
235019872
223689373
197097261
191303008
260567034
195104564
265512077
281078553
247560190
265703215
253619991
231957867
253127203
235450430
186869877
174547835
273674104
238539813
283038491
194053745
214000473
188008977
225402097
276789011
205688967
209014127
179359347
228617071
270197301
247293471
216505800
263010886
272506415
183189624
191819185
186179429
190021114
192086158
184724738
285424194
215127965
265145877
239935429
235650738
275920962
229799560
260241550
178146731
248195095
181332595
195604714
278191221
177362541
274571626
174086853
202121440
239433653
276800527
183509071
235825478
180740858
242727136
196490548
182620934
211041570
245561778
180768989
183279632
285286950
279812348
273609985
200838794
215636279
178210203
178688509
253720975
224977694
276572809
253464331
243585541
221822472
281014651
226226664
244831576
194875429
239822378
241188162
231928441
191507814
227075236
262342274
223899739
198638109
256630098
269113673
190237609
271208220
232293224
271057612
184876641
238423523
262532840
197445615
238173542
182291363
198295145
180398242
202708803
240385811
232363539
193093609
261546354
236262078
271354485
178230248
265050979
252230589
228841682
261917995
266379437
243597958
235141029
242399165
247512074
240061923
235612875
188438257
257952645
197058541
260955558
202345036
221708917
229370936
221096994
193096884
261179461
197751412
218588510
219623818
178870564
231875493
240276696
234291505
261971369
248320886
185905012
214229452
232366284
255422715
272386185
198851724
214705021
180815232
198835187
265300226
284392516
259531645
180792328
285559356
281785534
248485436
269111597
272158280
193884788
198241207
217231944
175398539
246501906
283851853
182896085
246356256
221332362
216154815
196769490
201195943
224659212
227641934
212627515
190904960
212749943
254921354
281709845
217884551
275839712
193051557
259063865
195768855
236820901
217345157
271812204
253635364
177589822
243487058
250638665
230662877
271593913
179902582
247665549
187222634
206829983
227532223
238906831
210524153
281520275
198536167
251945341
207389412
183401331
219701371
227330650
250519095
240798026
279007829
286224866
185857801
222514749
261130827
192018601
287009320
203830137
188732544
234492200
216047297
248914165
281202581
224400008
212055267
190516592
191934892
205495756
281636368
236822758
219463195
228398776
258615991
261842477
210368220
247203821
198906172
198315753
178296405
272016746
218903636
256028986
279689062
274337014
269764194
223603925
284400651
175135466
232089210
249960850
224481125
233344726
275321819
250374332
223081986
248746307
216279819
181033568
259149906
239991660
174468869
200133583
283082901
222382994
204875331
194572369
240039623
230686158
220353655
256517598
223260626
272485548
278859984
219112520
273437181
275862716
203979085
272417846
179903555
183269220
201319802
200407265
203505849
175770106
264417611
218754175
221536583
242689927
276140797
203728376
250559377
268638009
219381551
177387186
250810929
204672348
283312051
255294031
228707460
258555119
193289761
193045933
176943930
241805684
260716668
174348983
217411761
249092079
222746489
231005150
257848976
277983446
196739414
235644014
235445765
234833128
188464207
257913041
205408985
268387955
181183495
205904795
242408092
238116353
220168763
180598256
199042750
199511156
182645257
261218040
242810319
175785710
218669214
194220465
280043638
208665882
182399213
260884976
272162166
185472141
268368100
260171909
189298945
210561674
281044906
254461850
258432563
271856611
216168078
179715537
230934858
282043203
183670494
186395274
203105538
247950033
243292184
285713940
201507657
234640217
209544258
265246628
240695283
278002285
226933100
234434050
265367242
178075576
183124162
217623149
202481429
185159262
256657732
248841249
208471928
258814254
185247921
235540892
269581015
222498122
239716367
179064186
194222888
196708086
285845604
244503562
223038762
263769291
199773431
174605051
283944231
275877726
187047313
226481529
207533007
245145782
211423908
230053761
272017007
238241817
231971889
222725030
252428963
249884352
246268670
267634699
235731826
257146202
216683926
187942120
260692191
274741219
286102873
201050473
230727446
191907524
195715911
279540934
204510386
274343007
213905372
239239775
224814523
280252650
251992646
249313352
241555782
285738537
223347514
268000281
194664949
204966744
232048217
198889154
220198106
207513705
196078045
259217306
269278939
271061511
196728985
268764044
259983804
188205892
188188038
203634113
177255863
278746310
196516786
221607361
198975275
276644378
202222558
210588136
236406969
275881112
208193590
200446974
222630179
275767184
253560489
187548685
219352585
218507870
220194507
185625972
270319349
205880791
236891823
249686670
214065457
190453618
195616765
256062574
252936828
243860932
277972727
198250418
217701758
266824402
200643432
250726377
197894883
211119907
196238851
259801709
217554144
184050326
283074676
217265895
220444811
250360092
224878119
256199855
198976475
195337613
243555049
175552823
273859129
278711247
264861220
194417791
234460500
222178013
247228943
215149120
253307408
175088213
244343689
253419227
187364662
210288757
192327438
239789938
220382842
207901921
206092299
191654297
257781976
248486617
196105164
281797121
207440070
214817077
214886451
191674839
181753944
179877356
216368745
176908996
190685937
228821930
229533779
281958307
178378633
189509160
216386620
191714162
196637578
266029208
221999961
186711555
191804669
281105870
229654198
245288455
274733249
209206652
259242478
268823272
245403728
266325929
229023487
225946342
256153426
179783114
205800872
278865662
279186295
254009535
222054365
233291985
211434451
183496413
243378225
248968902
242164196
258094374
256080465
266699889
183847166
263418546
185421115
222825367
269766255
197257171
186908508
176289558
226626685
258460523
185450191
231463799
173996470
178461943
221114811
185503466
203632881
187664872
227470046
200170180
262315747
196059598
179759162
182284618
280536641
267117501
261535939
286979034
227267427
269041795
212310157
204984838
203555582
257269456
261911094
242125722
232091494
208452433
213480832
223020389
256127593
187918514
263280009
217168780
284484870
209212608
240986231
238817779
261517389
213065725
258951360
250982554
224813783
259446851
259699344
179211975
263503435
254622452
239806023
210221902
180529720
191836995
276469959
193823275
221324019
218825084
181602990
200816260
265922519
239993904
176539938
281846284
257615381
217092228
224269668
283463692
246458328
268417465
179832847
248784845
271622788
205484915
224486564
258284701
212618641
220761465
177892098
226247368
213945145
228714979
210170193
231285898
268446474
223212539
259441906
184233770
253373412
262038073
272109210
184218614
213090034
278425318
213797144
185773256
184562542
204108764
216949274
277870430
232399021
175766142
228382771
205788631
233198520
275121214
199462927
182447988
222524366
197966131
230837928
198660151
235599761
183831490
175886168
259214269
204654292
279835210
265978593
275790168
211746366
208521658
269459874
260413825
175642246
187047750
264831441
231727557
231905192
187229316
262305905
270586943
249678952
283686944
213449703
269365915
263246382
248729092
222194461
248609720
209394093
179943401
257206106
184888182
267504259
284224170
194527477
195546111
242406586
191654405
271397637
179515846
283889588
278399109
282738288
230387935
230350650
204843938
222822025
273397844
262825965
188227011
234067819
244298909
179035529
204829092
212881330
267391007
208459847
230323891
202878005
224113182
178479258
196043009
215094829
279169230
207538107
212467830
221652675
240734785
253453451
201890298
188147857
185209597
275746890
248670067
188355938
202436324
179668468
192373176
175854082
240830034
287593074
233034301
227665479
187054849
180217269
202883579
251503349
188385599
191116489
177920896
179312821
225172338
234329120
242353029
203674076
263821099
222139305
271301244
200969622
269859214
178202526
193099575
214236417
178255525
251287125
270686131
205725986
203799923
256737390
208079046
275323749
269505768
206519770
180382374
202726399
196649387
262743702
274389412
221323102
217352350
205176084
255792904
226112702
253759991
263566811
198457782
269384318
179963349
250833877
267387173
181112318
191800929
259122641
228510304
206488793
279410234
227216264
249647630
268649357
180769316
177572413
258589728
189808349
183476006
239469697
214185978
242888050
184397735
211185387
177406204
232227690
226967544
258496943
178492476
284778032
250862831
185758192
257191885
224092620
252807613
246301586
193794004
248114966
233666501
228823971
223467796
262539992
215840967
256344878
212878795
217618335
204824174
244137616
269052975
230006939
202116497
219959564
263126577
286815326
213787997
286327336
176407548
257776576
190490614
251402443
284878339
202410292
213509697
269227615
184248470
247696046
189466032
240901147
270814909
175450310
235659707
201594284
226886326
268097055
221678336
197692182
263369643
224971232
264669622
249341570
223918300
273718153
278723405
249858021
203786094
222346232
277399150
235429713
246046747
277370992
265045939
216577624
229741564
272690447
277510686
270523731
185929642
199099107
176144119
271228225
226955239
239527222
186234505
270922928
215796486
281213134
225222893
272230679
213081666
242367869
225919169
253992790
242454954
224249341
197983576
246977394
270746908
272242650
272078557
228382119
272926403
195682424
222915569
189209638
274504535
260542052
192147193
221392049
227533132
258914693
183577703
278724899
215732228
179938645
199944617
243055252
230287029
239814574
253118618
202007543
263906143
275410037
207833298
204851901
265504944
210328260
230086179
249246579
248301191
234022333
194492965
226711434
275186786
183763693
266715928
195419255
227896722
245747389
201026255
249743981
260177123
230889907
257608628
239309017
283897529
196599037
286826339
252400579
259655783
219579475
253690331
186854217
252596327
190373336
272830336
278954960
217884484
216743649
253143484
243734759
188885764
283265602
282416942
248813974
222789002
176695652
268742066
246972872
274330970
279199659
215445194
260201214
250628103
181387315
268492935
200960869
212153411
195233781
217437249
229769777
235225976
253376093
268026773
190633751
274307995
189364576
195167709
285498859
250050399
274012766
222445628
260308568
200616446
213933319
260203987
260529701
274451060
258557863
184924715
261650350
262980044
225182710
203532575
229587809
247470318
202360670
187002741
258627349
275035500
265981359
261935378
173628514
286138192
265281952
246894729
193624383
270266726
190494549
245171170
205712157
197462997
234507641
244751423
284278988
188089957
190047886
212951986
214894444
224771072
203921871
263709395
253094364
265606389
244403019
231133414
211657282
191168036
190929522
284882375
201587958
284507668
268730922
210055736
214406823
176653590
191757346
185381079
255392783
238274594
228059715
283910254
180911773
245057791
284647375
266508114
176771779
271226387
198004526
216865399
177858242
252502010
225395189
255822281
237392905
178964717
255130936
268193611
178664267
177229243
181345925
251836608
181778837
242988332
192579826
201216908
244132185
201851995
253741016
178082017
246853476
177355582
225239134
205666127
237913809
189523380
189423056
232903632
188443740
251894680
209402363
276130744
256871712
245188946
264696725
187814027
208358994
258605799
186617687
177255303
276549705
227294269
173655047
218654419
276018119
181174128
209758825
207442101
261545915
225617865
255088432
250579573
263760411
255990112
271864860
275516124
229548105
253064054
192306500
229168316
263087213
276795685
281216506
186183528
255285471
264199720
262479099
285260958
188659733
266368041
229712640
271232953
191601107
215705276
274189508
232004309
226874458
193776684
250954938
212749289
273065523
256793721
240447227
273321158
178771278
223487955
206584447
222416272
282772813
286167778
189867077
280800542
179955279
181585215
233304468
174930046
277874333
227636034
209425735
271345160
219688300
283985881
278918394
238503211
284960510
230697608
235716584
256498704
263659071
219279837
213444292
276258395
176574443
224383422
195691985
228715913
260358396
268023069
283208946
249649841
240879790
215067491
183340901
266800285
257170516
287815982
180034443
252987882
249044159
273221590
225966023
278067222
235774893
256500791
285684359
233836283
283868162
182525729
273963911
265521737
220320026
257276209
233614409
285703345
224270545
196557830
193607715
255751435
210048487
233807269
273149823
285190823
233994984
263531611
276920582
190663299
269353790
275427587
199025409
217558288
208670604
285297472
223103379
227919424
197500858
284095177
225220517
279461948
238112243
245057758
255245174
242866909
202206303
210465232
204633154
188242786
182681000
239638320
270981310
207135835
244803548
182334573
244514968
262709955
226023856
279381515
189379384
180514469
274095253
225588667
251111144
239098652
175881936
176977917
240421929
225122519
251174946
257898781
186565280
262539851
244900501
286171523
264319179
232747543
191250546
205217344
261434855
240979252
226549621
240891184
252015085
230572708
239666687
275004930
189469008
248913239
249708210
279312056
242781482
201341571
189564066
271940210
272567618
241968218
221585507
268475891
242627145
212944420
281805524
195021010
222078799
185295837
280381181
244481307
183171311
233504582
227188203
247204291
228569905
212739032
219907290
221168019
222877701
178842933
219181204
199428122
197290067
185691177
178179251
186978192
263964944
248295407
244499603
256500950
173655689
240640665
265780428
276559076
216298588
270686275
204860733
246317269
256859836
245991610
193375515
179411513
266105273
254862705
271219895
185056687
229891318
252626146
254501049
223880988
211764569
284470383
253547344
224257678
225852655
283344634
247259104
185338266
241085411
246882286
198417822
194990064
242057015
206085256
247793140
284246527
218002177
253741336
187175463
264689837
178122742
173660755
257847404
226851270
253039890
207101587
192627609
224896391
240092952
210471539
281933026
186032533
180010265
266336807
173911154
227792928
282491018
191707921
252648382
276166922
216564390
249107823
236599835
260182342
251774558
201782706
245602182
285540728
255390787
251299374
204678500
236076764
215204930
212098484
244803988
285788267
175984456
185255811
269818308
179125670
174846316
180880812
222134118
272612857
280043462
211455008
199579171
252898231
243658781
271229766
210328530
248686903
258422191
211518204
188746759
233284539
250435425
202986126
273684002
225655741
264427034
239536643
194908478
178447126
233236197
206160787
193223068
230218939
279632892
272720716
229310719
273176841
257966488
204441388
245079109
273634999
213716008
215524684
239797215
208664795
247446957
282246509
215232591
188696240
195288721
240977424
265667535
215714640
215947458
240044341
238614293
221745761
218438096
278201062
251771800
178219123
246764058
198017679
216193419
258556277
257288062
199549482
284095465
235049788
276509164
196522926
235712731
197780309
265278519
281561056
253198358
221086111
196131113
252683199
276258676
279079024
224284332
209936973
244094427
205156116
179016835
273736156
235443487
220379545
208203449
250079918
180077693
232396169
212139544
177727218
215599657
258194717
266777146
232535612
242314054
210384861
250868885
280243828
222914294
232619124
187854803
285427814
262141308
249978318
235336719
208337142
208498612
255597896
263005251
286892792
206773107
208614296
275347722
241481572
178589627
225061228
234226583
177524895
213976486
264498736
254885546
249508683
174019833
283298468
217644604
179676191
227957802
250258852
258411505
252047409
250993156
199580240
258052318
191416418
212983823
261949231
190166374
236567245
284131497
247250437
216225625
285819180
174199981
276873609
184158536
275582538
279666871
252289265
219356544
177664699
262440524
246300394
221193055
186833720
197997658
231197729
283695459
258515714
214384449
186156617
208452670
255187742
206801534
265764558
181852960
281828032
232102823
219043829
238064722
205442071
262809405
182446468
178421520
284973680
257563627
202728874
223175611
243714785
253704432
268622022
250284573
215709414
195515531
231839146
199950201
287689455
256974289
204194777
235737017
204253534
184346973
210654401
197503150
229845662
175410813
270871419
218025228
196497729
188091805
285099099
176051754
190052047
197412266
267702655
221061703
254765109
265149832
226487218
196204643
230048171
249840316
247548216
180628020
263224237
255628422
258046616
246113969
197008447
196452408
193310689
181222449
237013241
235292186
176033545
252343204
211900769
267456275
231616599
245985085
221485139
228365762
177325961
230106193
269777561
241864918
238219025
178699218
271655063
229443469
265110668
270986289
225413482
221344588
223160803
227942889
234543015
222069565
243315735
220095622
265093145
222164887
252984751
203946683
178798663
222945752
246679271
284228718
180341759
176143561
211308291
248251173
237629786
271979853
208423226
287602632
212636294
186401839
184379742
223349039
196554195
182032222
281290405
280981711
188148711
195477876
228621804
275060500
239550153
275253156
279474783
179631705
245469959
278031940
180448510
271662004
215855420
281658459
279932906
286723668
266425161
228227905
276802435
207111406
285572713
216962766
250364656
246867849
258037605
174526336
244135142
174382293
198608280
196649807
230628095
241654495
281782425
199453474
240746579
224106331
181631942
194739074
186097214
235985100
193925984
212191232
267998101
287183835
257132096
195082474
231526184
237866267
251424243
187635467
190364335
234362115
268840495
217613202
178459828
202443787
224982950
194448116
199188841
213142655
232243557
175683884
189488262
261671561
197820907
279059630
267590814
251416402
213902341
265395892
269377457
241285552
278750714
194630313
176504767
268692543
240438752
227133045
215591367
229379869
266601189
195103551
184727964
256533308
282073455
267298003
262917615
192723382
270100652
281839905
264555698
186924978
231367777
200704142
280533916
249107502
184193839
276303167
195195124
248484967
230253321
183715967
209979468
180856395
186659141
198385213
227169448
260918956
179631595
266817828
245761375
175761898
194733521
282194919
275134229
260280291
261384681
228479536
192976947
199563144
183746371
215109394
225969208
238830294
220932547
265625596
177184550
195605814
277454838
206215338
201832871
216362854
193928208
258197402
262678417
217884886
280621980
248279627
184859220
243942647
211667851
235708692
183279838
257852637
185852121
233255762
277941162
243800587
180565560
188407565
233777830
278787108
226827801
253690592
210218176
188505903
271709414
193480453
281239594
218683879
195051422
218839807
213603131
216354982
231747385
236117777
219632738
205352583
276370005
235927380
188677392
177716656
177296060
205714123
185662393
195087507
251293209
213771849
227645258
275591581
274459426
220808830
200540515
286533260
182100033
191783722
280061553
211993502
194419755
279641648
194176171
255762178
212598007
273481844
200016035
203172304
284095682
263061283
222972418
175722434
255199672
226627959
217479568
266237278
182190496
214037894
210633791
197155048
282079893
175703475
270440298
225757517
272487649
238780890
221861054
177926594
178851845
176011725
265207164
203521269
240776234
217636552
195033706
224188085
267547438
218032170
218053866
273677774
185442709
218144931
282193305
266816979
181770595
192781136
273098629
265782086
222907365
267421022
194076373
277430862
259527424
260325104
265652039
202439755
246418008
267230916
227172583
206905877
199545306
206355443
184993401
204649178
183266273
241946173
212077325
238147196
228003162
218349462
241754607
192154585
287016539
188653185
222431566
239214906
281593325
239088713
218982914
246642054
197230205
216529984
262397342
233545411
190679055
199234445
198950111
231984108
227545688
245889194
229435309
197153438
188372393
180962683
284716247
173755552
267142674
254924118
264444347
276123518
284877066
256078444
225647315
213147564
220537203
275673185
220169378
204201649
248302741
190971309
242431714
183701554
245976809
225297247
255593564
256256274
227968546
211091482
187149958
240567126
235659277
262604396
265892470
272861862
173985106
248559738
192113735
278748582
261916860
269387837
235505337
262031928
255437041
246885148
184516547
276875143
232327197
216094339
242652590
178312550
197880247
280623988
255175631
264467172
250431862
276514896
187737972
285253938
208030833
253407793
209021254
173489940
224888326
221817289
282553595
202962863
204862342
187184658
256856563
193757784
258429597
265727223
233095867
271925892
176583268
184950471
226013507
180690025
192068554
196019607
195208861
265121330
238973879
241467711
205969034
228112500
281718493
212344199
234555590
178193162
201848490
209095530
262164499
176959803
190379964
194252012
191346135
273017221
223351546
219237443
233844533
213724900
284193996
188747407
236122193
235370559
180527442
272964888
238124782
265046133
199075789
244586120
229946261
197649661
235538871
206699732
228077131
238034934
213697181
271880262
230901708
182601907
185374806
226853644
234457822
234187945
214489259
268633584
268860956
269441847
197626839
223248257
177898936
268908057
270814496
181951840
240782143
232018641
227800022
219680158
195285840
277953104
213719230
271188628
254854195
254082612
214074435
234455192
188013317
218545871
253963419
259641859
193498037
210363935
190132696
184307404
211454092
260954146
257166512
200278937
226566473
225209026
205045413
184356044
284909802
266186765
207579570
198780734
191809584
249734261
258866118
278914503
193964479
274452409
280554832
207951725
211969912
201363199
235219645
247180985
240959808
206487518
243462087
279590584
222200046
175566850
240945876
284156409
271573520
216462194
281436801
224298598
231973163
228122688
285595269
201541674
234797024
245287478
226804831
277543304
273542136
182386686
265641721
182534327
257219773
195943478
182676306
274707722
185422803
249078783
243750151
223662083
232944552
231855741
212064809
185251390
221763111
265093202
264289542
241265495
200446845
267054752
265427390
238684585
236670427
176348318
247824645
242296908
264612308
229480340
272911624
271315578
241779941
279891229
223233280
190930826
216159988
233131999
227889022
241806053
272461978
239557540
204512972
182962915
260336203
282787131
233108345
203922894
284532109
206232909
242366926
201937543
191701383
225524196
198195978
215251439
258683733
245873729
263435095
255667952
244525738
208043891
238707210
186161977
247811574
223522199
267915269
218036804
197692715
282475772
200944136
184171411
230098685
176466001
236363149
216306992
174675444
222677789
183831508
246559084
284624334
181134896
196643978
221526299
184792084
262776315
231789169
232364659
175602657
199786241
274082558
265908898
219674807
241482732
220241422
254619767
195127688
286077754
181225407
262850837
249062241
271862030
229407571
188258576
245386949
214621056
218648842
225864452
199171869
271569383
192401489
270023454
201737340
184021063
215304590
212453985
183976032
280998271
199746914
183800634
255209145
230982565
203144289
189225251
186980185
248179365
220841711
204549037
237356133
287727813
214073435
198462396
258258618
267141194
174023921
255392691
271027491
262628236
179377466
195039912
229536788
259107959
285274319
183376684
214067857
275470955
216546774
220599706
210313405
254740048
188342173
179700018
277174513
233890864
215031327
248072839
255522979
199859218
238379100
197571902
284568587
202242243
286451889
260509479
270651878
208219997
237704286
178083917
220286306
263999849
181424562
220876477
262010629
208788038
284629264
206643914
184495488
283946198
223069375
237393588
268900230
268688160
265362994
219542102
287211551
248550292
194884720
187536717
179856439
280800450
268419185
252118363
216008161
201399479
285313372
179229171
253388831
279013686
243137147
203133175
188916699
221636091
218557536
180989915
210840509
248783707
264656413
241446237
215587339
213114650
234176342
267884966
211694593
271209809
219778415
207236513
184129860
179982292
208693716
254508885
205345329
209926649
243624042
270358100
237570454
218535941
245318795
209369875
268638037
252465816
251095931
217649086
192853107
197080415
186020416
180932331
272890621
239272286
286689661
187507283
214680233
184772902
197270076
213956039
266472679
191234738
266090702
181038338
226742192
215843057
253213112
230185266
248447637
230828911
270447482
179737491
267355667
176573501
270166979
284774746
265932740
262323229
257621531
179548450
252477990
241154599
284109227
219976839
232689985
278947962
218724170
206257361
251991173
191128317
211278448
193577910
276396312
188875913
251768060
256314469
227865476
183914604
238809523
209842646
252202693
196783039
191004831
176602150
178655765
282605262
272049591
231888862
228898170
272372524
180696227
204267138
204392305
213821028
179255605
276814353
179747922
226011668
218495137
250793941
231854704
223808272
230303263
250679651
208628324
214420645
272612696
256167838
272902061
260038096
178780819
239417537
215256219
219955260
285779566
273486366
232559329
206775616
287484644
252465335
282128263
251312295
203104680
228957145
255736668
200892948
248075066
236958343
187720014
197752407
219565262
271708856
284271529
211695932
275406901
180251026
190478916
249921387
251092296
255727234
195172924
279725146
179572589
263166209
191637578
229019000
233388678
225097294
286387022
252020989
257927311
259084705
211732807
186812787
206402513
193563827
219078278
218136463
235112628
173529012
175672260
184198294
246372385
225211219
284896596
207310735
267954609
205669999
179654333
209517145
213662753
212834175
260285636
261623511
196758470
220807922
284212181
228898868
276346893
264424193
176389822
263624429
245453319
241845526
224597834
196701101
281673527
276603295
199982292
267254173
235258186
190378760
277984161
197540966
284680084
210600702
249966421
267705234
235746639
199313920
183855375
269900759
213140390
252578197
204712369
188207993
178842735
261811422
285795737
265116495
276026039
250819356
208226513
245477950
212302951
269557536
218222435
265020591
235171075
247088705
280768370
264771308
194718828
229827495
238105215
195005857
264868771
226343178
233967177
219302123
220699329
281870772
252207521
210620079
207532998
283905434
209330788
237397201
217740430
261721179
213278106
204309325
189702661
270590566
255452876
222647269
220061955
191149003
231836222
210323466
248812693
253351944
212356760
243941060
243518132
252632602
263481613
285023808
220028763
214854054
245800503
224148988
175118448
201131902
210135388
202929430
204351388
192951089
179685994
246157815
211391293
238238671
257334172
185297469
192718173
197801771
239149065
212880630
191241316
264920041
191506072
243352008
255459677
271532028
186064157
207448972
210375440
273172709
286899424
203059344
173387502
220101093
239926494
189967853
270759868
239370696
193286891
203320733
284362331
226001866
198288253
280294892
241946850
265126879
212978627
274218800
280402680
258363668
247700893
202231568
245812942
218339694
247868231
246527327
261807100
208454323
204393035
213336036
253932987
285416763
249276111
244289312
190308630
229014199
210533752
268554137
282878911
217672338
195442474
210204117
235558983
190813697
229901715
256945573
280784767
279869379
213573133
277654564
174786548
221085336
206944187
283381181
242820627
231083809
258255714
247378404
215512323
256168429
201377240
208280672
234275917
174266848
198294506
201350442
187239615
176905823
217003821
228400417
288107017
237554844
284541501
195823906
200842942
176541458
227544896
189060375
282223657
244701849
212832160
255700125
185277277
281440668
253562556
182570718
269832278
266065237
204568472
214817515
239553303
177127151
232608629
284641692
238195061
196469831
176391232
214209201
284529119
201856296
277819940
267406963
279376039
181298677
221174433
195275395
217749626
225049409
237883626
256585337
246543748
209615830
217627634
259810973
227415976
248111475
240074081
258258109
220116134
224263084
175172510
195426342
264972264
230418858
236415653
272209419
245610076
256631653
214517248
267409649
213698279
194798208
197026592
249367683
254102857
197394233
205991977
197928248
236961229
220918616
250194232
194319628
248831942
214847188
238601665
212819709
227691132
279572182
206538773
252773458
213607442
210938353
285389962
276632049
272566152
219764186
260423395
190435091
189633729
211104532
253009859
238345565
271981889
200867539
216812533
186817831
231535672
276690457
209035058
238933822
273589393
213428474
233058865
245586666
238605898
240693675
269185560
284571343
204006597
183895738
276659518
243034349
272585201
247416200
250165279
267078173
220870555
210937851
190669785
259954799
274611709
222279144
195494695
190988113
273462237
284297405
180020097
237592435
244578176
227384165
220972094
266020071
205971243
275348072
212666294
265381431
193863850
264490982
243159457
266355307
244033256
275206402
228631216
222309351
265312348
185849378
209209551
191916097
235184988
220107100
185493421
189508443
220673553
185894368
184289660
220543598
277904422
224366788
188831569
202569862
205986159
184363763
235914263
283845636
226742503
275869360
246878885
248812921
239159759
192626144
224199165
263682035
233472706
220991355
281504119
179417955
212371692
213027929
256405302
245584815
178865165
263572818
250076442
174421644
186072551
190908186
183920168
258453133
237600637
226385611
211693864
213618689
263645783
268594973
187606321
268106223
200935397
198730284
251001202
256396647
277596553
242274076
212221405
224434453
264974047
211318414
222510108
174892101
217478629
253768845
276557350
184575989
222883357
195330724
257766766
267201271
233739333
237975336
284789070
246041246
223707375
184929997
280520644
248054849
266460869
186784078
237334696
209559964
230269234
258195878
264146510
284965530
271682426
216204847
212125317
247003107
195878266
285138361
255478010
272432716
266720368
241745284
274383020
231911089
268827608
202317240
278845865
262403099
263737390
176151738
249696631
211907136
270082034
224847961
264994718
283520785
178734007
237681439
271828436
275156301
193244960
183844258
241949887
234351394
251906488
209662371
267685605
257745566
199227755
186684969
223059103
285812787
268439772
283164593
272865253
279472401
255307779
256026302
218797000
218222279
191404799
234381708
188293867
185258890
281028833
222205924
277362874
228904212
277088721
219696079
226165452
265845232
186878814
206728993
234191797
206087731
192286136
259109229
276259905
215212021
212300909
194366148
271519177
284459088
260012197
279173612
229201661
176641326
212355275
194873192
211505025
243155976
211493982
274576213
239136532
231564579
237439022
260305343
282937233
229950521
277638575
180506668
226961103
278758035
274457835
186722146
282788270
236578584
205995192
235820873
284184796
244576794
256601183
226632181
193489987
215805016
281074424
268255051
255657053
181043651
179025222
261248140
219240393
197940423
282271789
216028063
205136866
231134446
265610585
244923536
265210520
285163173
217894336
222711833
285569444
193845547
202234490
278602586
238901740
210202798
203922870
177450134
201307358
204117917
253055843
257633056
231310041
219996870
215803511
220802735
182616796
248793637
271026218
209579358
210774627
179867769
272110596
270253729
248824794
234995912
180219115
194144594
239388704
231985508
225471273
213590282
200685225
228110049
235251105
188198880
228948780
218101324
231730753
236325081
209703202
197874315
175722110
281921598
234394055
191457647
222584146
229427654
249776479
196120394
277992413
254626092
236496375
190655109
287570444
247015599
228741253
217790198
269337801
219726188
270954926
250468063
231608722
200877721
212435604
223915125
176080820
278885764
191322926
208607407
196208640
261475737
272338088
214621992
194807147
222819525
280767063
284966373
245164309
246999945
237575847
219578870
283316138
205836116
227369043
264846908
284829360
237851694
192496108
250491150
183064301
238236872
270800863
274560012
260294024
195479579
200871835
236444483
266137806
283547299
221381741
243955549
228063617
251832249
189356784
256601950
205296126
284950806
193641679
227432764
246458233
197563134
258821685
188282702
207529745
208144346
216858885
188052472
194004295
259216688
190713019
282619770
271392877
243160372
271574986
239255560
195986180
174971882
277119662
229428935
231301008
282234824
244865819
238564270
231234067
238340036
201426034
261275579
219918935
253982170
268163699
246825011
235705158
247810610
196414796
245341433
173690346
211548932
244092761
279713708
276550897
272733657
184265235
225380204
197937268
203343753
285641617
211642914
207795300
271259445
211424811
221999020
198679707
214145491
216823685
189655183
173817759
246886131
214572329
180509238
270083020
269289660
230865298
199043849
228814138
180892709
246423039
267306944
274314238
185245027
190710279
221671104
181099926
230890314
195057524
187301021
281899145
253036274
238186734
202385685
244820856
186078763
201493903
218567852
201339472
256826081
204623233
283168039
250820336
175978978
199117071
220482251
283272192
242055546
177217574
240340958
233808913
288078953
219743889
253039935
235428900
193985532
239380954
197992263
269476441
264677497
243381744
251378150
213791457
235704219
270703084
174732874
261070559
180344960
278740469
208493303
187074904
244787546
255005116
259453710
264019584
226073221
237445831
195892036
240544164
225097483
270174648
268864103
285632702
244729822
231017877
273957083
205733296
215761335
184736624
244090689
275522053
202786512
211434903
263373579
233528910
205705218
222428260
175998644
246646132
209589827
209341292
266797020
186849885
208509718
211758575
198654791
224424647
217578627
193606754
243925970
224610508
225095034
195954160
240533147
196598284
178791724
177356827
228108374
272681771
270190980
250679760
262099800
201316545
218928182
196815970
282172600
253447040
182770953
261288509
282592318
211614171
217927706
243839287
239960048
244129312
238669454
190433040
275464289
247674553
199945421
260919576
258293349
204238831
274423841
281506270
262939771
231101116
206326701
214843799
216646410
188971088
227757696
214633571
285608995
214919991
237763006
285562175
196161208
190868602
220566759
259658738
277843429
198357548
233090672
266733589
251686439
197519950
249665267
281805251
186051997
239029937
202849504
274401512
174648366
252367089
224404628
196875066
247343618
282992369
182312678
244181207
195902472
254343282
209006312
269667595
195554262
210105994
218136285
258433167
273201139
274493245
195575660
198779202
197586363
266776271
182963249
185413234
181282368
174678355
213610663
258906881
249515284
244873357
254048970
174993976
262627215
197109743
227541870
206780665
190086876
196398758
187839617
247024320
191891860
175811542
234079471
225712108
190914891
184682647
239548791
191288062
205179450
184403751
240251349
254284006
247397735
183192559
259323380
241162913
255385154
198797156
268470477
232949749
190473415
183307954
234906137
184958231
210594703
178419676
259360293
181414406
195056985
183433303
219370020
216531620
243522769
180487037
281245913
197278561
223145053
221999526
228861800
274855742
203522511
231152656
262859001
217671030
247424316
252052364
213312237
271442237
257907447
232147274
280302403
251979473
234902356
199389487
258904782
220873820
287420384
253976457
200661640
175633734
276090516
205441105
207907438
270708672
205235229
191132224
179059239
274812724
251939179
254781331
204637370
215227006
207830056
201498512
229342360
283385622
241022174
241602068
264266793
244165106
228680846
276566399
183014449
260755215
200021331
279805182
181387225
211440937
280633912
246029238
217270796
205172163
212125123
204328951
287024718
267963617
264367342
240331170
214818523
196422539
222652931
202559393
178996889
186291196
281221944
214556116
254330694
247397406
268694621
237367869
223190568
226569134
175044548
195682426
175778822
283570149
248061141
262377639
214452592
237550388
229268269
228215741
272970050
261230203
250090199
285817816
237553164
285007758
184164284
251601233
215000551
268617454
285819620
253588535
190225438
221415020
181734303
192788753
250295064
179837542
225220956
185514184
236290174
201636895
260798464
207077759
226441787
260028478
214962876
269912898
279247588
247879976
260645771
187323614
230531641
249193375
196457984
213919219
247615938
248671277
272477017
201347768
200736716
214217412
237602921
230573745
283015860
230797417
224442021
252162532
176859401
204392450
211589667
247077823
220671402
242320224
266682130
274872874
184870602
269291372
230180900
177428142
285193938
263595854
191362102
213220627
240447836
193031924
176167952
221026065
179619546
205625549
225818350
174392291
180855817
247182678
202694719
178904991
228210104
231263500
277280030
215134011
231092034
269142370
249679216
274370867
185819915
236383541
225864220
245164492
263973276
184706959
187392683
287970580
265818427
179958470
249612616
204342950
248403819
256082099
201179227
259956487
257877463
177904415
192073658
215350414
183195527
223616556
192170039
232898996
220161606
182421158
286950695
223688113
211097202
205009985
182509148
180731759
183986631
219424351
200340019
202849047
214316924
201146798
248688842
176040949
228607920
261753531
263315970
251127567
207104781
222423962
216527075
286283592
233427621
237543977
285573881
286152409
272228146
222662043
202823325
187982204
227051852
285629499
197388875
238032069
281586518
190920962
191161660
201006334
261333040
206680592
197446640
186359843
242048111
279399684
179025938
273814478
273826129
274252521
266407111
285956573
282274452
232902244
264371427
177311383
281426181
191234030
197484694
232087093
196646422
175220397
256736344
180446490
213942979
270361498
273616247
191388529
206058360
203345724
176691542
241865089
212246860
195471885
247352258
183761019
207270932
201274012
270545026
217038222
186046171
190235800
228752002
270295092
193094031
280396496
235792624
176404856
233749216
254891472
200186769
225125969
209755516
215457834
190441196
216547932
229534184
245992643
215780763
264433325
223738177
186060376
199187647
227136864
184865095
252137072
235971854
241529163
207358984
190621997
191083191
247822097
237248826
259517369
265250515
278780557
257442069
267487979
253510065
282817581
251658697
286200327
186053862
206297727
245150542
281042810
183287489
233148481
185799576
198206337
229705328
245969126
182973946
276164041
174993964
173685255
203991606
190974544
250632273
236671561
217676281
226722725
257509770
239983330
268639236
223667212
242696547
259954881
264134464
269039892
196393192
284607336
273901084
188424193
245173740
280085654
266721753
182836640
251624623
193396274
270877139
234299294
275681467
286878093
285709044
232107454
204990857
190626151
185253075
249349191
193858121
241858208
205563749
198590241
196493868
253464352
178443494
268887103
285372511
272946899
281812214
283632884
191189073
238827808
193996230
174994211
193781762
238885145
266262464
264837932
262663405
181885270
242857018
214838390
285367064
287633501
196024352
182158288
266541838
242625790
203397893
276322615
254774659
204104357
218836932
282794913
241006530
200606888
238401161
244800286
219204054
263091019
221862256
279462485
271350347
266480237
215285586
231970812
196243823
179472462
198578945
245856587
212707926
271754417
184121955
173722365
188062136
267419703
202025415
228241459
263853612
193398500
283309077
206048325
235215969
177401519
263589800
210925489
180108382
265906044
272570225
280788736
233478801
228407607
242885244
249749021
267108372
186285346
268438879
252031635
234258845
221437210
204789575
193810233
270914020
182637002
250735625
194394455
220551630
203149234
225553791
252057641
193378106
198130326
286368005
204600944
230354126
200672495
227691944
280342462
218554241
186466656
229008565
179821387
229581435
247530897
211775302
246269443
203112803
276060859
234871469
242770359
211463397
205816362
173512569
215241104
276630863
281493960
239405380
231448701
181456096
267253753
218374720
285284266
197115637
203279406
221752660
280832325
257757149
190005303
209912114
188518664
241681814
230514635
207449665
202757858
220896160
247674918
221732946
228554483
212779200
227049621
204773069
191982285
201260402
224362249
212403649
265695222
242032398
203181978
266257089
254998921
224047351
196493313
183642626
196786419
249597426
278182089
286966787
249984217
249093743
181630819
178905356
280290069
180265491
215801905
193552925
198725104
234430055
286876422
214334823
226297682
175533020
188772044
205317826
210737804
265781454
220165912
286578645
200220054
198731031
267884127
209248788
257748785
229355597
191684711
210790525
276775662
199348807
238506454
176298294
264285330
274215547
226637281
178892174
213293403
209752989
203757616
200516640
282901684
210885156
187701264
193660090
266577418
200780541
250210614
190178374
221212149
219820664
226958427
176472110
212515235
232484384
199600880
213115364
186740489
267777850
237706735
248350588
273140838
188291570
257434795
268600440
278985173
