238623925
242701398
194524837
261917699
213237668
280922145
227775704
222472136
278490519
208401403
203330645
272227480
259861948
242582776
250891329
174380920
221934175
259476500
287378690
193674209
246420651
262605736
269554574
187994938
202441867
212978953
218722806
229686908
254600589
255118240
261885960
214192225
223680047
259128881
193024832
188853413
255634774
287122000
222544567
275998670
194874144
250802309
264526899
209342608
181088450
196483547
225380737
212209030
244976769
201569209
219451455
199307378
222300624
239845387
236538593
273473990
272971253
250932882
270684617
256908868
182784636
273861692
262055249
259731926
189709790
228802765
222339988
212725130
247313554
253230037
208060800
210911568
246415446
222176455
212605770
246340731
224211004
205204875
194071101
186880717
279894580
209124791
257346825
221896127
189359709
206002346
208723533
250827546
284620692
281283092
232067727
178705646
235947832
279518933
250110137
252182039
191372016
277271542
240871464
250146376
193946061
241010792
189478287
251840612
177777428
175470709
285858302
244392083
235913146
229441447
274182933
217962047
247364297
186733870
285251270
287088565
190350218
257889383
212699922
250427116
239772191
235827416
193156426
287941026
191236368
221581997
246648945
196498655
204763521
228362232
272403559
248241915
256036332
200146393
213030868
177948441
188195675
255326552
176788376
240459763
195865396
225617536
203319621
202960545
176573556
258409054
266395520
243501172
247858481
217781775
221300062
229870637
200809515
209278694
185668577
272478934
251828179
264757081
187339395
272462630
223651520
229987684
280534642
268001774
245831589
260100123
204125595
239826085
189181194
216964446
267244411
254957341
197178947
196602313
234772781
185735195
203446878
257298276
244022694
203404199
253477954
229078665
259717195
203823988
271630957
190785523
211762198
191606441
242945747
207642179
222007331
248766047
243869077
236626072
267647157
282977872
257454402
248272049
266768489
244595112
215178605
204589305
204465223
246527700
214674251
202488495
207724567
202005199
245252434
248706688
233034727
272611730
200070438
229348846
204667490
215434810
204923829
184904472
226269071
221381202
222778396
272896580
263363241
264786243
250524693
217697720
229248999
261826118
252875043
251194181
248120009
236586647
178547901
283446394
268440965
284820026
258628139
284227099
235516079
176678746
278074228
247965179
217399761
204370630
242995883
242696111
231131374
270680240
211913686
207729972
283571560
194769990
279264368
222704236
228997289
197106900
208140533
174481882
194868010
180126564
248387850
197469626
193220936
253083317
276426148
271770770
224931179
222000960
237136462
225323429
219191659
230850265
179138728
218648294
215036672
267729282
244492294
277343330
279458346
182895311
215478902
262941550
253324074
183400362
176901432
245346019
211516670
175204970
275399440
198844406
267051450
184160485
205733487
247576379
186717522
181059474
208007357
197391803
210384914
175626641
246679210
285226404
232487269
205402466
203931417
278877419
195438499
237105095
180789909
202647845
202458782
180572053
271882536
246113958
253126582
286640529
250872786
251153942
185502446
176309419
240650872
192656036
196135049
268487629
202888142
187455496
283540459
234817673
212629557
282652065
208987639
261514294
245315998
202368876
267783575
262528031
237892917
222578009
253310329
274920037
191745353
194716684
258785089
239037302
265721028
259776389
230705562
240664375
203387136
178859707
285947707
193711076
277993728
225109413
284416289
209265833
190239702
195466911
219925940
207636491
197134133
208309193
252821999
268706860
176459609
279585860
264944564
216408248
187606408
251639049
240104993
274483292
229711076
260835157
194320033
285842317
183879119
250161853
175445574
263494924
217912064
259683765
226100771
208480393
275887397
196272309
204123381
255681118
244215743
229637007
177361646
278850665
226094191
269260353
249351965
207587121
233677075
191806440
198601419
174535179
227760696
259130086
219903198
241835112
236098054
214059896
204786103
204258104
269139338
285487599
242548223
225372405
204905799
264303782
255321537
206741058
191085168
282202537
191506660
220704658
188554462
232174225
263219725
178563106
239197353
268175501
249032668
268213429
269409779
244320618
275692130
198825646
230884283
208524648
218325058
273389635
176103271
179994602
253136363
250016253
235575392
175919125
261448001
272412944
209512638
192106778
270669900
206164344
255063661
224727179
205408427
210440936
194080120
190569690
238227634
280836531
236267019
283551907
234636919
204959348
191524032
252389874
239654057
246283750
275022826
270270052
176335683
254302888
182695240
225072707
231593778
196326940
266371026
194758688
246541919
261680643
216879587
271659507
251604677
214760386
179342871
259067848
281804812
229755449
203679827
221746342
182383469
189205464
249981569
184597513
278107783
279449242
283144321
204901592
278571332
228799858
206589348
271513563
202792419
269767535
182121816
273812841
285575397
257283622
175146790
269144476
240208595
243889094
209493136
267826695
268953522
205852516
284617451
242619160
237481189
219362470
256398922
203031765
238827687
271526136
240502404
175772992
234725113
197737915
240672142
187779659
232713820
202796651
275701104
273886047
197502874
198690900
270141703
236300640
257290034
231362133
202192306
235721914
275245541
245700182
259434665
185724108
270758736
207075043
255997006
238773552
236291075
275842268
239845367
196180520
254572872
244991632
263731699
267935714
235737847
260769837
230634833
229311302
258478786
248775545
214074919
281558395
219506789
205391517
237228849
239761218
199597906
248344031
259109152
246991885
227498860
207008982
179588502
267488332
196327904
240965628
240170682
227856408
234266645
244221535
185661568
189968319
186804359
248425207
268433271
260719756
191571948
188589644
241528566
218550055
268344863
186380955
244664512
212441062
257455202
236478785
211556804
213768723
182287384
261202963
267184045
254451225
216344838
244565807
207347315
260873784
258849395
211060102
235893895
226967987
278318709
178584411
261722769
264701779
204022570
210558681
202452481
190580358
196002918
248460901
218080974
283634339
237668569
230112353
244888284
219267239
196028946
236649965
198623098
281541338
225828888
250495030
175821109
226963765
276601899
190916123
187907440
245578858
257816532
212047196
193767820
238806885
190440259
276986491
212063981
268476419
286204732
279248808
260120668
246697811
211760612
178068985
177751654
279586050
193455480
272475986
241694205
244010373
195206848
189656170
225676201
191426210
286143414
260982603
250775394
237412110
237670925
270293737
237646519
214832282
240194478
222289925
253601598
246392523
275782650
261054818
269796967
223185460
175708915
237027278
205599520
274626147
240784803
194964105
179947648
221785577
275538322
219060099
238468184
279462173
190283012
239934697
259366273
214620110
261061926
199040059
215492569
267033695
183728322
178267279
284249388
260466913
265401305
215042964
177508329
251925806
249642374
201853637
224781365
205541310
251443734
185326039
187819619
220084486
224775778
220061294
211321103
263175783
224616097
241549401
222696078
195168836
227318466
198541737
242220124
254473048
242270886
180415866
185002362
192744535
253052208
224513094
251419657
241909844
226942892
237872452
202105843
271063339
221035353
183038154
282157320
287878664
254934388
280744544
174712742
256006631
176480238
182636411
194996363
272821614
277854236
194159288
236447989
281344085
242551540
205743073
230421190
279093385
254352330
197830794
187298940
215203055
212062484
183198922
231561917
258963330
250550557
272606678
269840143
180278280
192105757
225152732
232772092
218774920
208211284
246384572
175726518
216932123
247535135
269156332
182853913
271536703
203657382
245089978
211583083
214920475
241657566
243986381
285514337
176150742
216829589
205315312
228800934
202487860
191622720
278951150
230720153
197599494
202622662
279197313
252908636
192065645
252042738
246780483
266920879
271639434
268678076
256698243
173300674
270471252
241578631
257071414
227214495
191078886
181728681
226118166
243094522
241125659
175085015
175328542
193324887
280255725
205218891
251981583
181141774
269741696
235893039
180704209
174274800
270069365
206716233
219661747
257191014
262957962
188749590
221128348
180472816
274129896
212726834
222317901
194990422
255452504
202297730
280482678
229036337
203314369
211084266
235681472
210809614
240564555
208177242
239812925
247081714
253698747
252044255
235929158
194503225
262296419
185581591
248454069
181877896
212752877
222926620
284399536
211490939
206830099
252403688
193743021
269946098
214815775
208081987
241038730
207254474
286960543
284310912
213536237
197280379
255514813
265545545
266408492
260298412
182998029
179851556
285613351
213783807
245471546
236878580
195394214
232903383
262670189
177189216
282609561
188187397
205889333
279574795
260490705
226518116
239643483
269979421
215769143
269257520
176393612
273593818
233930758
245342898
182347631
227590357
185175154
267327774
236298473
235019872
223689373
197097261
191303008
260567034
195104564
265512077
281078553
247560190
265703215
253619991
231957867
253127203
235450430
186869877
174547835
273674104
238539813
283038491
194053745
214000473
188008977
225402097
276789011
205688967
209014127
179359347
228617071
270197301
247293471
216505800
263010886
272506415
183189624
191819185
186179429
190021114
192086158
184724738
285424194
215127965
265145877
239935429
235650738
275920962
229799560
260241550
178146731
248195095
181332595
195604714
278191221
177362541
274571626
174086853
202121440
239433653
276800527
183509071
235825478
180740858
242727136
196490548
182620934
211041570
245561778
180768989
183279632
285286950
279812348
273609985
200838794
215636279
178210203
178688509
253720975
224977694
276572809
253464331
243585541
221822472
281014651
226226664
244831576
194875429
239822378
241188162
231928441
191507814
227075236
